     +2.534301     +2.548085     +2.577736     +0.008830     -0.005494     -0.005261
     +2.533335     +2.549526     +2.574396     +0.006313     +0.000704     -0.003617
     +2.565470     +2.573721     +2.618057     -0.001479     +0.003312     -0.000895
     +2.602988     +2.614486     +2.660008     +0.002718     -0.009674     +0.007126
     +2.618783     +2.643407     +2.668517     +0.006070     -0.007723     +0.017191
     +2.578381     +2.609073     +2.644925     +0.006837     +0.016772     +0.003504
     +2.526333     +2.562766     +2.594085     +0.013118     +0.024493     -0.007330
     +2.498738     +2.532230     +2.550043     +0.014374     +0.014851     -0.004920
     +2.493625     +2.514986     +2.537445     +0.010511     +0.001420     -0.003488
     +2.517608     +2.526416     +2.555534     +0.013001     -0.012135     -0.014414
     +2.587287     +2.595205     +2.612890     +0.013112     -0.017167     -0.026683
     +2.612230     +2.614605     +2.644542     +0.007673     -0.009384     -0.017612
     +2.581554     +2.581852     +2.622079     +0.008582     -0.005219     -0.002762
     +2.551698     +2.552837     +2.591382     +0.006575     -0.001203     +0.001657
     +2.536316     +2.537259     +2.581438     +0.005420     +0.008761     -0.000936
     +2.533196     +2.529496     +2.588429     +0.007980     +0.014873     -0.005498
     +2.563526     +2.554863     +2.615164     +0.015007     -0.003141     -0.006432
     +2.609007     +2.591609     +2.655555     +0.015394     -0.023050     -0.002549
     +2.611818     +2.576524     +2.656141     -0.001603     -0.014142     -0.000234
     +2.595802     +2.550219     +2.614844     -0.013323     -0.001470     +0.006183
     +2.568002     +2.535941     +2.582125     -0.012608     -0.004194     +0.013189
     +2.546671     +2.531939     +2.573827     -0.007559     -0.006074     +0.013478
     +2.536872     +2.527447     +2.571000     -0.009979     -0.003699     +0.003698
     +2.563058     +2.560289     +2.594175     -0.010603     -0.004473     -0.001434
     +2.567102     +2.578516     +2.620483     -0.005876     -0.012535     +0.010749
     +2.548408     +2.560709     +2.607474     +0.000262     -0.017226     +0.009817
     +2.530773     +2.537902     +2.575539     +0.002262     -0.010100     -0.002317
     +2.525695     +2.528109     +2.566670     -0.003111     +0.005908     -0.003689
     +2.538971     +2.532341     +2.579793     -0.006569     +0.015064     +0.003618
     +2.571137     +2.563644     +2.603348     -0.003963     +0.008088     +0.006778
     +2.600002     +2.622961     +2.641091     +0.006454     +0.001072     -0.006309
     +2.600789     +2.653270     +2.668934     +0.013413     +0.014159     -0.024854
     +2.580805     +2.629591     +2.642203     +0.014597     +0.018864     -0.016132
     +2.552853     +2.600211     +2.609515     +0.010302     +0.005410     +0.004599
     +2.528661     +2.564619     +2.585800     +0.009350     -0.001642     +0.007960
     +2.523549     +2.539146     +2.577613     +0.008959     +0.005761     -0.002795
     +2.543155     +2.547216     +2.595759     +0.009822     +0.012611     -0.006293
     +2.565285     +2.567118     +2.618261     +0.008427     +0.010699     +0.007996
     +2.581355     +2.568348     +2.620189     +0.002378     -0.000099     +0.008774
     +2.569233     +2.558766     +2.597774     +0.000308     -0.010015     -0.008155
     +2.537285     +2.534286     +2.570306     +0.000586     -0.005968     -0.008236
     +2.517705     +2.513716     +2.550803     +0.004119     +0.000413     -0.000439
     +2.514666     +2.511697     +2.544921     +0.006189     -0.002792     +0.000709
     +2.544444     +2.534798     +2.580434     -0.001800     -0.011498     +0.000211
     +2.608922     +2.572194     +2.638273     -0.003213     -0.003630     -0.001262
     +2.647318     +2.592822     +2.662113     +0.003019     +0.002812     -0.003710
     +2.618039     +2.584199     +2.646070     +0.000926     -0.010488     +0.001621
     +2.576991     +2.559536     +2.618972     -0.009674     -0.019436     +0.009360
     +2.565989     +2.547657     +2.596938     -0.014718     -0.009417     +0.006049
     +2.556202     +2.545642     +2.584705     -0.012259     +0.002131     +0.006392
     +2.548975     +2.545502     +2.587086     -0.004352     +0.003838     +0.013969
     +2.561694     +2.557199     +2.600579     +0.002752     +0.004253     +0.011384
     +2.553005     +2.557842     +2.589957     -0.001070     +0.007709     -0.001406
     +2.538002     +2.539746     +2.578131     -0.005584     +0.002504     -0.001658
     +2.525968     +2.520836     +2.564835     +0.001445     -0.002840     +0.005656
     +2.513057     +2.527122     +2.557291     +0.002815     -0.006601     +0.002909
     +2.522238     +2.554634     +2.575846     -0.000567     -0.007766     -0.010544
     +2.543075     +2.581143     +2.609395     +0.001128     +0.004500     -0.010421
     +2.560207     +2.601212     +2.627546     -0.000485     +0.017990     +0.003250
     +2.565981     +2.605111     +2.627698     +0.001131     +0.014325     +0.011304
     +2.566415     +2.588020     +2.616560     +0.014687     +0.003819     -0.000354
     +2.561870     +2.569318     +2.602621     +0.019313     +0.010450     -0.009382
     +2.551678     +2.553669     +2.586610     +0.011619     +0.009704     -0.000700
     +2.548533     +2.550719     +2.583411     +0.010320     -0.003060     +0.009702
     +2.544630     +2.544718     +2.582462     +0.005829     -0.007555     +0.001342
     +2.544646     +2.544578     +2.587013     +0.004185     -0.005415     -0.013816
     +2.542610     +2.546187     +2.592474     +0.007711     -0.004381     -0.013820
     +2.545929     +2.548888     +2.588500     +0.010091     -0.001087     +0.001347
     +2.562097     +2.541770     +2.586433     +0.001469     -0.005945     +0.005295
     +2.575574     +2.538858     +2.590927     +0.001486     -0.018563     -0.009627
     +2.591306     +2.550711     +2.608561     +0.014267     -0.012873     -0.009966
     +2.602950     +2.561036     +2.617371     +0.011192     -0.002372     -0.001217
     +2.585497     +2.550212     +2.604959     +0.000004     -0.004523     +0.005058
     +2.556285     +2.534699     +2.595327     -0.012497     -0.005985     +0.000385
     +2.540033     +2.532180     +2.590054     -0.017311     +0.005023     -0.003658
     +2.535834     +2.527803     +2.582558     -0.011130     +0.006938     -0.005852
     +2.535475     +2.529428     +2.583107     -0.003668     -0.005078     -0.001623
     +2.540347     +2.545029     +2.589715     -0.009603     -0.005515     +0.004865
     +2.553109     +2.552422     +2.594228     -0.011544     -0.002495     +0.003283
     +2.548580     +2.542476     +2.580021     -0.002525     -0.002085     +0.006911
     +2.533487     +2.540166     +2.570975     -0.000561     +0.002146     +0.012290
     +2.552077     +2.559833     +2.587517     -0.002207     +0.006785     +0.003839
     +2.587658     +2.606905     +2.624396     -0.012868     +0.006991     -0.006063
     +2.589330     +2.631321     +2.643412     -0.019739     +0.013274     +0.006803
     +2.581289     +2.616874     +2.646200     -0.011918     +0.015625     +0.013786
     +2.563276     +2.584253     +2.625972     +0.003324     +0.001673     -0.002041
     +2.527224     +2.551123     +2.590427     +0.007009     -0.006064     -0.013312
     +2.504783     +2.524531     +2.567555     +0.003334     +0.002438     -0.008237
     +2.518003     +2.519044     +2.567215     +0.004951     +0.007966     -0.001096
     +2.535777     +2.544775     +2.575477     +0.005751     +0.008069     +0.001661
     +2.560112     +2.575521     +2.592586     +0.007002     +0.010755     -0.009333
     +2.578684     +2.573796     +2.603269     +0.013357     +0.005338     -0.024380
     +2.550126     +2.549417     +2.576760     +0.007700     -0.004888     -0.016758
     +2.521833     +2.523078     +2.558709     +0.005261     -0.008268     +0.003435
     +2.525551     +2.509866     +2.564941     +0.012799     -0.011172     -0.002020
     +2.551901     +2.538303     +2.606953     +0.016002     -0.011965     -0.015328
     +2.589014     +2.581439     +2.652136     +0.020731     -0.001034     -0.010894
     +2.624576     +2.607368     +2.672820     +0.020461     +0.011746     +0.002744
     +2.617555     +2.602258     +2.652696     -0.001593     +0.006269     +0.004696
     +2.578797     +2.578728     +2.604790     -0.014414     -0.004188     -0.004214
     +2.559911     +2.548548     +2.577220     -0.003842     -0.002427     -0.001203
     +2.554048     +2.543576     +2.573219     -0.003502     -0.001784     +0.003941
     +2.547948     +2.551635     +2.586734     -0.008853     -0.009412     +0.007074
     +2.556246     +2.557328     +2.613909     -0.009201     -0.012543     +0.010096
     +2.549265     +2.549657     +2.621034     -0.007762     -0.000192     +0.009440
     +2.519302     +2.529693     +2.597005     -0.006437     +0.013487     +0.005979
     +2.494937     +2.509896     +2.567777     -0.002859     +0.011975     +0.008520
     +2.503752     +2.512556     +2.550640     -0.010911     +0.004966     +0.005408
     +2.534554     +2.550741     +2.568620     -0.025927     -0.001332     -0.000031
     +2.554985     +2.571556     +2.589444     -0.019854     +0.000458     +0.009417
     +2.580004     +2.590982     +2.617243     -0.008722     +0.006432     +0.018686
     +2.590218     +2.616362     +2.645017     -0.007471     +0.005001     +0.003144
     +2.583033     +2.631073     +2.668596     -0.003671     +0.004058     -0.006763
     +2.564700     +2.592888     +2.644892     +0.004796     +0.008190     +0.004866
     +2.540562     +2.547667     +2.601128     +0.001102     +0.007320     +0.008362
     +2.527181     +2.532394     +2.581955     -0.000148     -0.001406     -0.004645
     +2.543332     +2.547591     +2.589914     +0.001710     -0.006500     -0.008736
     +2.568058     +2.571964     +2.601198     -0.003963     +0.001255     -0.000827
     +2.584921     +2.591268     +2.617784     -0.002368     +0.006536     +0.001594
     +2.581779     +2.574411     +2.603537     +0.013277     -0.003082     +0.003045
     +2.546822     +2.540043     +2.564637     +0.017192     -0.012040     -0.002846
     +2.506305     +2.505426     +2.538739     +0.017393     -0.010197     -0.016732
     +2.503188     +2.491275     +2.541079     +0.020743     -0.004370     -0.018934
     +2.527937     +2.511937     +2.566590     +0.013207     -0.001760     -0.009844
     +2.570724     +2.547240     +2.619754     +0.004866     -0.009344     -0.016886
     +2.604104     +2.562817     +2.652102     +0.005103     -0.016915     -0.020829
     +2.608963     +2.574813     +2.634826     +0.013091     -0.005830     +0.000674
     +2.588277     +2.576152     +2.608619     +0.014913     +0.005992     +0.007159
     +2.567791     +2.558229     +2.594795     +0.012247     +0.001017     -0.008626
     +2.570967     +2.561230     +2.598211     +0.012987     -0.008772     -0.010427
     +2.580584     +2.574290     +2.613122     +0.007499     -0.011649     +0.002915
     +2.588147     +2.577094     +2.628376     -0.003181     -0.004410     +0.002215
     +2.573303     +2.571511     +2.624013     -0.011593     -0.003723     -0.003107
     +2.536528     +2.546793     +2.590202     -0.021352     -0.001339     +0.003633
     +2.500556     +2.503049     +2.547313     -0.016088     +0.003676     +0.006875
     +2.480294     +2.488119     +2.522795     -0.011991     +0.011620     +0.013770
     +2.498983     +2.536797     +2.552692     -0.012919     +0.010853     +0.020246
     +2.561738     +2.592899     +2.607376     -0.008878     +0.008580     +0.010036
     +2.586229     +2.616727     +2.628450     -0.013922     +0.008654     +0.004066
     +2.563610     +2.604190     +2.623706     -0.023291     +0.008478     +0.017674
     +2.552131     +2.569979     +2.610381     -0.019080     +0.001993     +0.008401
     +2.545332     +2.561729     +2.607667     -0.027282     -0.003023     -0.006373
     +2.515373     +2.552678     +2.591206     -0.034643     +0.005606     +0.006160
     +2.520205     +2.552661     +2.594203     -0.017212     +0.012257     +0.016048
     +2.556166     +2.575803     +2.612362     -0.008610     +0.011616     +0.001199
     +2.574964     +2.605357     +2.621614     -0.007566     +0.002587     -0.009021
     +2.575775     +2.590432     +2.614133     +0.001316     -0.005275     -0.001882
     +2.558574     +2.561204     +2.594271     +0.002904     -0.003309     +0.005965
     +2.539651     +2.538617     +2.576247     -0.004186     -0.001803     +0.005162
     +2.538435     +2.516153     +2.568069     +0.004218     -0.007581     -0.001448
     +2.550269     +2.521583     +2.588153     +0.010476     -0.006818     -0.009105
     +2.563444     +2.552106     +2.607185     +0.008556     +0.003695     -0.008529
     +2.587349     +2.565305     +2.621058     +0.019013     +0.002822     -0.007613
     +2.588520     +2.551205     +2.618054     +0.024892     -0.007014     -0.012771
     +2.585456     +2.556972     +2.616423     +0.016922     -0.012013     -0.021999
     +2.591539     +2.544120     +2.604340     +0.019941     -0.017346     -0.020681
     +2.588042     +2.535232     +2.593430     +0.018302     -0.014310     -0.003318
     +2.579453     +2.546121     +2.595965     -0.002919     -0.009007     -0.002630
     +2.584193     +2.548200     +2.598873     -0.003676     -0.004901     -0.013723
     +2.580916     +2.540677     +2.602139     +0.009003     -0.004086     -0.012475
     +2.559750     +2.545917     +2.604130     +0.003420     -0.000462     +0.003011
     +2.546925     +2.540789     +2.598836     +0.000732     +0.002631     +0.006620
     +2.543394     +2.538173     +2.593204     +0.002146     -0.001701     +0.005557
     +2.531396     +2.547780     +2.591069     -0.012206     -0.005145     +0.011560
     +2.548841     +2.558417     +2.590114     -0.015854     -0.003218     +0.011391
     +2.576005     +2.574179     +2.605777     -0.012673     -0.000029     +0.011969
     +2.573052     +2.589010     +2.613023     -0.029472     +0.001431     +0.006367
     +2.574914     +2.597223     +2.618937     -0.032482     +0.007519     -0.004069
     +2.561680     +2.585224     +2.608117     -0.013965     +0.012213     -0.000709
     +2.521609     +2.563593     +2.598656     -0.019050     +0.008135     +0.011511
     +2.521477     +2.566593     +2.605498     -0.012749     +0.001543     +0.004250
     +2.545250     +2.576588     +2.614134     -0.004615     +0.004474     -0.005352
     +2.541486     +2.584143     +2.610504     -0.022566     +0.009648     +0.013562
     +2.540522     +2.576811     +2.596819     -0.017529     +0.012310     +0.016097
     +2.553376     +2.562655     +2.587435     -0.002711     +0.013915     -0.004487
     +2.551781     +2.560733     +2.580926     -0.014306     +0.018000     -0.015438
     +2.530663     +2.544258     +2.568428     -0.008190     +0.011777     -0.001515
     +2.544259     +2.548447     +2.584962     +0.004769     +0.006601     +0.007182
     +2.553331     +2.561503     +2.602338     -0.000558     +0.000202     +0.006407
     +2.558368     +2.559015     +2.614121     +0.007647     -0.007645     -0.004896
     +2.563773     +2.543145     +2.613237     +0.021147     -0.012215     -0.015957
     +2.577717     +2.549082     +2.613257     +0.006259     -0.005317     -0.004624
     +2.588463     +2.556527     +2.620938     -0.000021     -0.006808     -0.000739
     +2.589958     +2.544166     +2.613594     +0.009849     -0.018909     -0.010964
     +2.600053     +2.556170     +2.611314     +0.011790     -0.013811     -0.016848
     +2.609247     +2.575859     +2.616733     +0.012360     -0.013929     -0.007149
     +2.587920     +2.553480     +2.608771     +0.018040     -0.010810     -0.005381
     +2.555469     +2.536551     +2.584611     +0.008902     -0.005859     -0.010242
     +2.540721     +2.522243     +2.569076     -0.003636     +0.002143     -0.011332
     +2.536999     +2.500900     +2.568310     +0.006149     -0.002527     -0.010255
     +2.540262     +2.517385     +2.581581     +0.000319     -0.002129     -0.001946
     +2.558250     +2.547868     +2.598979     -0.017463     +0.003987     +0.008264
     +2.572978     +2.555151     +2.610329     -0.011776     -0.003316     +0.009457
     +2.560150     +2.559434     +2.598948     -0.006677     -0.011351     +0.011965
     +2.565295     +2.575789     +2.598711     -0.012731     -0.012393     +0.012426
     +2.573711     +2.582567     +2.604525     -0.001701     -0.001437     +0.005774
     +2.568242     +2.597752     +2.612693     -0.006157     +0.007807     -0.001688
     +2.571520     +2.615042     +2.633625     -0.028392     +0.011854     -0.003438
     +2.572810     +2.592048     +2.639019     -0.014383     +0.010821     -0.002290
     +2.546007     +2.560817     +2.617715     -0.008694     +0.009080     -0.001135
     +2.518035     +2.542444     +2.580516     -0.018080     +0.007495     -0.002473
     +2.511035     +2.538978     +2.566113     -0.003227     +0.005773     -0.004312
     +2.512471     +2.546282     +2.566780     +0.003171     +0.006182     +0.009235
     +2.527945     +2.564705     +2.576071     -0.005800     +0.006937     +0.013347
     +2.558357     +2.570827     +2.588279     +0.009893     +0.012006     -0.003233
     +2.555181     +2.564410     +2.592720     +0.004731     +0.010853     -0.008900
     +2.537322     +2.552207     +2.581800     -0.009011     +0.004901     +0.001725
     +2.542824     +2.538786     +2.584302     +0.004161     +0.001957     +0.001373
     +2.562480     +2.534803     +2.609285     +0.002710     -0.001892     -0.003372
     +2.581279     +2.551960     +2.625499     -0.000957     -0.006509     -0.003875
     +2.603426     +2.576816     +2.635591     +0.012272     -0.008252     -0.009982
     +2.624655     +2.591535     +2.650143     +0.015500     -0.000303     -0.004941
     +2.595128     +2.580933     +2.630575     +0.006580     +0.004427     +0.000003
     +2.571472     +2.544210     +2.586022     +0.008504     -0.007269     -0.006806
     +2.567563     +2.522621     +2.574482     +0.009004     -0.018650     -0.007075
     +2.563281     +2.521749     +2.576817     -0.004142     -0.016512     +0.003886
     +2.567451     +2.532278     +2.587130     -0.003108     -0.007339     +0.003871
     +2.578055     +2.539336     +2.600361     +0.002318     +0.002399     -0.011930
     +2.555466     +2.545348     +2.603153     -0.006336     +0.000230     -0.010724
     +2.533233     +2.521809     +2.579613     +0.000087     -0.006386     -0.001852
     +2.531231     +2.512647     +2.569762     +0.001290     -0.000087     +0.006792
     +2.534113     +2.529973     +2.580428     -0.011849     +0.003487     +0.011658
     +2.556867     +2.556832     +2.594486     -0.010884     -0.005442     +0.007196
     +2.594126     +2.583082     +2.616862     -0.001331     -0.010410     +0.002445
     +2.613792     +2.599290     +2.642391     -0.010643     -0.003967     +0.008197
     +2.594869     +2.586106     +2.632033     -0.013366     +0.005040     +0.010301
     +2.547232     +2.569902     +2.594009     -0.002953     +0.011695     +0.002046
     +2.519099     +2.561668     +2.595775     -0.006235     +0.018337     -0.002195
     +2.521866     +2.556011     +2.598321     +0.002449     +0.012905     -0.000032
     +2.542115     +2.571460     +2.602737     +0.014748     +0.003310     -0.001515
     +2.558272     +2.588086     +2.612625     +0.000140     +0.000899     -0.003504
     +2.565623     +2.591722     +2.614410     -0.011946     +0.002528     -0.004421
     +2.549064     +2.559180     +2.578950     +0.010502     +0.009289     +0.000169
     +2.525418     +2.537038     +2.553592     +0.003174     +0.017864     -0.009442
     +2.522944     +2.525488     +2.554020     +0.003888     +0.015841     -0.017309
     +2.521384     +2.526465     +2.556398     +0.015267     +0.002989     -0.012532
     +2.537850     +2.549500     +2.586437     +0.006483     -0.003968     +0.001828
     +2.566246     +2.569541     +2.634819     +0.009214     -0.005715     +0.008654
     +2.568804     +2.565317     +2.641704     +0.022564     -0.008091     -0.007925
     +2.556205     +2.551490     +2.610525     +0.016800     -0.007880     -0.012532
     +2.567750     +2.552709     +2.604739     +0.004487     +0.000162     -0.007232
     +2.591996     +2.565655     +2.618660     +0.000222     +0.000981     +0.002955
     +2.607624     +2.588877     +2.624285     -0.003814     +0.000194     +0.005865
     +2.627756     +2.616642     +2.644214     -0.008726     -0.012323     -0.002177
     +2.616950     +2.596279     +2.639493     +0.005280     -0.017461     -0.004118
     +2.560255     +2.545176     +2.591452     +0.003373     -0.011652     +0.008923
     +2.499525     +2.497076     +2.543085     -0.009344     -0.003093     +0.017469
     +2.478299     +2.474698     +2.526378     -0.005834     -0.000649     +0.002030
     +2.496223     +2.495725     +2.552429     -0.008382     -0.002340     -0.004484
     +2.555711     +2.562855     +2.607194     -0.018428     +0.008857     +0.004327
     +2.610919     +2.595493     +2.647384     -0.011717     +0.006947     +0.004309
     +2.599534     +2.583968     +2.629532     -0.020180     -0.009012     +0.007702
     +2.553591     +2.564224     +2.591051     -0.026026     -0.014187     +0.011124
     +2.527808     +2.535803     +2.563296     -0.006472     -0.002267     +0.007322
     +2.526284     +2.540678     +2.569559     -0.003092     +0.007383     +0.006628
     +2.556193     +2.592958     +2.620883     -0.011617     +0.009397     +0.009095
     +2.621032     +2.654311     +2.702603     -0.002785     +0.006943     -0.002719
     +2.619338     +2.633976     +2.699681     +0.003063     +0.006974     -0.008992
     +2.556736     +2.572962     +2.626319     -0.002457     +0.008190     +0.002162
     +2.515168     +2.530414     +2.567014     +0.005999     -0.001164     +0.000081
     +2.505197     +2.510802     +2.544418     +0.007682     -0.005174     -0.006331
     +2.526438     +2.537998     +2.558508     -0.001333     +0.001474     -0.006141
     +2.591079     +2.608702     +2.616605     +0.017092     +0.010577     +0.005549
     +2.617822     +2.622185     +2.646425     +0.027248     +0.011911     -0.001168
     +2.554216     +2.574050     +2.600531     +0.011072     +0.003905     -0.023373
     +2.503141     +2.510080     +2.549102     +0.018145     -0.008324     -0.020567
     +2.495294     +2.481924     +2.538450     +0.017524     -0.008118     -0.011312
     +2.519985     +2.505139     +2.571520     +0.007470     -0.004132     -0.004612
     +2.582873     +2.570167     +2.630662     +0.014257     -0.013028     -0.006944
     +2.643066     +2.624900     +2.683895     +0.020077     -0.010236     -0.001312
     +2.631736     +2.623958     +2.665038     +0.008318     +0.010395     +0.001017
     +2.591573     +2.582987     +2.614226     +0.009240     +0.010312     -0.002913
     +2.552965     +2.544497     +2.573652     +0.012637     -0.003700     -0.007322
     +2.528531     +2.536514     +2.568554     -0.000556     -0.008206     -0.006998
     +2.545818     +2.551291     +2.592841     -0.005355     -0.004085     -0.003493
     +2.581789     +2.573218     +2.629686     -0.003187     -0.003344     +0.007703
     +2.573208     +2.568217     +2.628868     -0.019499     -0.002801     +0.015283
     +2.534720     +2.544081     +2.587872     -0.019141     +0.002994     +0.002627
     +2.505907     +2.510828     +2.546664     -0.006431     +0.006224     +0.001110
     +2.485103     +2.506110     +2.528341     -0.014844     +0.012176     +0.013392
     +2.516530     +2.535597     +2.551913     -0.016610     +0.012510     +0.012674
     +2.582575     +2.599664     +2.609753     -0.008475     -0.008723     +0.005260
     +2.589758     +2.619886     +2.638860     -0.025876     -0.016668     +0.015076
     +2.567568     +2.593721     +2.629117     -0.024806     +0.006079     +0.021716
     +2.544914     +2.565755     +2.614860     -0.018254     +0.015102     +0.011694
     +2.519955     +2.552275     +2.595560     -0.026769     +0.000135     +0.003673
     +2.525573     +2.547880     +2.593678     -0.021664     -0.001515     -0.003741
     +2.560549     +2.563377     +2.604141     -0.007757     +0.007912     -0.011646
     +2.576235     +2.596629     +2.623936     -0.007909     +0.006846     -0.005924
     +2.577907     +2.606119     +2.625890     -0.003722     -0.006591     -0.001035
     +2.572977     +2.581478     +2.611412     +0.006038     -0.006246     +0.000634
     +2.548375     +2.545754     +2.577133     +0.001072     +0.001543     +0.009195
     +2.535073     +2.525124     +2.562009     +0.007273     +0.003844     +0.010951
     +2.532408     +2.518312     +2.572895     +0.018047     +0.002739     -0.008477
     +2.550430     +2.546093     +2.604916     +0.014401     +0.001429     -0.020117
     +2.572194     +2.566137     +2.631978     +0.018052     -0.005317     -0.013676
     +2.593123     +2.559554     +2.633433     +0.026173     -0.013876     -0.016659
     +2.590661     +2.552218     +2.617200     +0.015753     -0.017041     -0.016025
     +2.568411     +2.552516     +2.592171     +0.013168     -0.019844     -0.013083
     +2.557278     +2.541096     +2.584026     +0.022646     -0.008259     -0.009921
     +2.569375     +2.547359     +2.588286     +0.011990     +0.009987     -0.012032
     +2.579637     +2.561865     +2.603738     +0.000942     +0.009580     -0.015392
     +2.575488     +2.551182     +2.602591     +0.012533     -0.010184     -0.014587
     +2.563586     +2.541504     +2.599677     +0.006158     -0.010235     -0.009709
     +2.545793     +2.539483     +2.592664     -0.006110     -0.001367     +0.010128
     +2.535391     +2.536831     +2.592419     -0.000261     -0.000567     +0.016098
     +2.536345     +2.545507     +2.595058     -0.006102     +0.001195     +0.010534
     +2.555928     +2.576997     +2.605593     -0.020791     +0.008366     +0.000346
     +2.578166     +2.590553     +2.622322     -0.010564     +0.010637     +0.001504
     +2.579178     +2.591745     +2.619682     -0.011736     +0.009406     +0.003428
     +2.567919     +2.583581     +2.610869     -0.031000     +0.001302     -0.002699
     +2.564758     +2.565510     +2.596541     -0.015369     -0.010705     -0.000083
     +2.537206     +2.545958     +2.590062     -0.012669     -0.009179     +0.012946
     +2.526748     +2.546686     +2.586815     -0.027496     +0.003352     +0.021580
     +2.532276     +2.563561     +2.600742     -0.013093     +0.011259     +0.015022
     +2.533456     +2.577351     +2.606190     -0.009521     +0.009841     +0.006192
     +2.532242     +2.568437     +2.593419     -0.018070     +0.016807     -0.001845
     +2.550168     +2.549291     +2.574577     -0.003733     +0.013501     -0.007242
     +2.547015     +2.549543     +2.575050     -0.002164     -0.003559     -0.000475
     +2.548209     +2.556940     +2.584841     -0.016894     -0.009251     +0.004319
     +2.571821     +2.554677     +2.600870     -0.001849     +0.003035     +0.001355
     +2.580317     +2.568785     +2.621735     +0.005939     +0.004676     +0.005677
     +2.573207     +2.575802     +2.625665     +0.005601     -0.003447     +0.007757
     +2.563374     +2.561556     +2.618639     +0.012697     -0.005511     -0.012309
     +2.559535     +2.549975     +2.610361     +0.015141     -0.004237     -0.018137
     +2.553600     +2.542888     +2.609616     +0.009218     -0.006223     -0.000747
     +2.576128     +2.540829     +2.599258     +0.012086     -0.014598     -0.008768
     +2.587508     +2.544742     +2.604029     +0.017374     -0.020728     -0.014249
     +2.578712     +2.547191     +2.596080     +0.007017     -0.013406     -0.007485
     +2.573710     +2.538344     +2.589700     +0.011116     +0.002834     -0.007428
     +2.565116     +2.540001     +2.591605     +0.013821     +0.010680     -0.010677
     +2.541465     +2.544390     +2.589320     +0.001595     -0.004836     -0.008312
     +2.539381     +2.535509     +2.583472     +0.006524     -0.015478     -0.014366
     +2.553592     +2.538480     +2.590675     +0.009640     -0.011501     -0.014701
     +2.553585     +2.552534     +2.605119     -0.009067     -0.006826     +0.009172
     +2.560320     +2.565085     +2.606591     -0.011697     -0.008163     +0.017419
     +2.572385     +2.571943     +2.608117     -0.007712     +0.001110     +0.009207
     +2.562503     +2.573610     +2.606817     -0.017051     +0.020387     +0.001022
     +2.559820     +2.566682     +2.601523     -0.012159     +0.018419     +0.003429
     +2.568324     +2.561720     +2.590417     -0.000819     +0.009473     +0.006685
     +2.557052     +2.576246     +2.602935     -0.022962     +0.003836     -0.002784
     +2.547297     +2.576290     +2.603564     -0.021872     +0.000306     -0.002822
     +2.535882     +2.564139     +2.593853     -0.006210     +0.004255     +0.004316
     +2.515967     +2.557766     +2.587164     -0.016942     +0.011161     +0.010414
     +2.518554     +2.563376     +2.600691     -0.013399     +0.006124     +0.008479
     +2.546430     +2.571098     +2.611274     -0.003869     -0.003019     +0.003050
     +2.544777     +2.571344     +2.604345     -0.015421     +0.015234     +0.002201
     +2.550639     +2.564180     +2.603179     -0.006154     +0.014316     -0.000019
     +2.562208     +2.565187     +2.596207     +0.010972     -0.003743     -0.003666
     +2.561824     +2.571485     +2.597367     -0.001365     -0.008973     -0.003220
     +2.561777     +2.563166     +2.602253     -0.006402     +0.003998     +0.002362
     +2.570513     +2.555254     +2.612172     +0.007462     +0.015241     +0.005217
     +2.553929     +2.559553     +2.601456     +0.008787     +0.006601     -0.005400
     +2.554725     +2.553149     +2.607305     +0.011166     +0.002502     -0.018982
     +2.569231     +2.531254     +2.608540     +0.016276     -0.007627     -0.022737
     +2.574539     +2.536109     +2.602987     +0.010064     -0.012405     -0.008955
     +2.575727     +2.538669     +2.599497     +0.005625     -0.018612     -0.004642
     +2.576115     +2.522909     +2.580381     +0.020508     -0.023232     -0.010490
     +2.570126     +2.536993     +2.580667     +0.019504     -0.018689     -0.008411
     +2.569254     +2.552280     +2.581580     +0.003391     -0.003828     +0.000467
     +2.581970     +2.546503     +2.599474     +0.001603     +0.003250     +0.001862
     +2.562248     +2.546928     +2.593153     -0.005045     -0.004844     -0.000474
     +2.549738     +2.537538     +2.590493     -0.008478     -0.008296     -0.002926
     +2.556868     +2.520123     +2.591767     -0.000380     -0.004266     -0.007983
     +2.550339     +2.526573     +2.598146     -0.006333     -0.001539     +0.004810
     +2.560018     +2.558598     +2.617999     -0.022147     -0.005889     +0.019786
     +2.583438     +2.578253     +2.634209     -0.016606     -0.004305     +0.009535
     +2.580075     +2.596547     +2.632351     -0.007514     +0.011062     -0.000627
     +2.566951     +2.604047     +2.620077     -0.011491     +0.014223     -0.000522
     +2.560631     +2.586799     +2.603080     -0.009620     +0.004489     -0.001401
     +2.536232     +2.571220     +2.578821     -0.010449     +0.001837     -0.002652
     +2.497944     +2.538179     +2.550468     -0.016122     +0.001725     +0.002809
     +2.504100     +2.516167     +2.547726     -0.006341     +0.005548     +0.003960
     +2.510795     +2.523844     +2.565269     -0.000566     +0.015218     +0.003144
     +2.524874     +2.548749     +2.585286     -0.005305     +0.017575     +0.001628
     +2.557847     +2.560117     +2.606369     +0.004722     +0.013066     -0.008533
     +2.561837     +2.571103     +2.610583     +0.009266     +0.023831     -0.011916
     +2.545607     +2.572362     +2.598910     +0.006879     +0.017385     -0.002724
     +2.555287     +2.574934     +2.595380     +0.010875     -0.004713     -0.000747
     +2.567290     +2.583678     +2.608593     +0.007579     -0.005111     -0.000765
     +2.575883     +2.590398     +2.625665     +0.000230     +0.005846     +0.007781
     +2.596048     +2.584712     +2.649195     +0.006427     +0.001418     +0.006232
     +2.592161     +2.569777     +2.652968     +0.013518     -0.007998     -0.013524
     +2.565901     +2.553447     +2.619905     +0.005406     +0.000291     -0.019789
     +2.539402     +2.515532     +2.576894     +0.003823     -0.001262     -0.011931
     +2.535866     +2.504860     +2.558112     +0.006175     -0.006118     -0.007896
     +2.540471     +2.531371     +2.569239     +0.001501     -0.011527     -0.001753
     +2.573097     +2.548690     +2.589717     +0.003727     -0.016467     +0.004795
     +2.602046     +2.562287     +2.615319     +0.008950     -0.009280     +0.005824
     +2.599593     +2.592348     +2.622704     -0.011618     +0.016280     +0.011671
     +2.590376     +2.563428     +2.619105     -0.015682     +0.010662     +0.014080
     +2.560885     +2.527278     +2.596449     -0.006489     -0.009870     +0.006160
     +2.542990     +2.526554     +2.589001     -0.011784     -0.012387     +0.001513
     +2.558084     +2.535048     +2.596017     -0.014830     -0.010303     +0.004251
     +2.586044     +2.562540     +2.618475     -0.009836     -0.012836     +0.009451
     +2.583155     +2.617226     +2.637185     -0.014521     -0.010389     +0.008525
     +2.584113     +2.613444     +2.625909     -0.012396     +0.012376     +0.004265
     +2.572197     +2.578862     +2.607996     -0.000385     +0.023056     +0.001458
     +2.528212     +2.553507     +2.577403     -0.003218     +0.017766     +0.001624
     +2.518627     +2.539232     +2.573357     -0.005805     +0.008208     +0.005363
     +2.534730     +2.549896     +2.588507     +0.000637     +0.002287     +0.006635
     +2.541402     +2.577304     +2.621129     +0.005230     +0.002391     +0.015704
     +2.560730     +2.600386     +2.644026     +0.008836     -0.001817     +0.015932
     +2.567669     +2.606071     +2.651482     +0.016569     -0.005847     +0.015461
     +2.536425     +2.590363     +2.615829     +0.017444     +0.001055     +0.011382
     +2.515080     +2.558785     +2.580764     +0.014373     +0.005360     -0.002617
     +2.532814     +2.545529     +2.578068     +0.020876     +0.008000     -0.015536
     +2.562308     +2.567701     +2.600362     +0.025127     +0.004138     -0.017014
     +2.591901     +2.597082     +2.629046     +0.017192     -0.011684     -0.014978
     +2.618937     +2.595600     +2.638388     +0.014418     -0.009920     -0.015196
     +2.598051     +2.579878     +2.623032     +0.013067     +0.008028     -0.003843
     +2.549728     +2.541982     +2.584861     +0.007017     +0.001736     +0.001986
     +2.523071     +2.503523     +2.560032     +0.009693     -0.007470     -0.006513
     +2.517442     +2.499283     +2.553432     +0.005840     -0.005406     -0.009557
     +2.555613     +2.529969     +2.587658     -0.005305     -0.005586     -0.002258
     +2.625690     +2.569794     +2.637899     -0.012322     -0.016840     +0.002797
     +2.661180     +2.605767     +2.665217     -0.014245     -0.020953     +0.008394
     +2.651742     +2.606101     +2.660856     -0.016369     -0.016659     +0.014757
     +2.607366     +2.563436     +2.625499     -0.015879     -0.006483     +0.021312
     +2.564173     +2.543034     +2.592581     -0.017480     +0.004281     +0.018889
     +2.534367     +2.534867     +2.577339     -0.018820     +0.001626     +0.014527
     +2.542162     +2.533669     +2.588722     -0.008920     -0.010400     +0.004587
     +2.562138     +2.556088     +2.610178     -0.004354     -0.012013     -0.008914
     +2.557563     +2.569867     +2.612550     -0.011640     +0.001817     -0.006123
     +2.543967     +2.548117     +2.590260     -0.010543     +0.001777     +0.005769
     +2.518279     +2.533020     +2.565067     -0.003211     +0.002958     +0.009388
     +2.502894     +2.530634     +2.548965     +0.003359     +0.017058     +0.002221
     +2.526624     +2.543470     +2.569680     +0.011165     +0.022834     -0.005226
     +2.559836     +2.601724     +2.611163     +0.017803     +0.017620     -0.004962
     +2.587910     +2.651472     +2.653532     +0.013871     +0.011315     -0.000271
     +2.592545     +2.635935     +2.660609     +0.015697     +0.008007     -0.003901
     +2.561197     +2.584512     +2.636977     +0.020603     +0.001255     -0.008445
     +2.531741     +2.545613     +2.606114     +0.014897     -0.001301     -0.002290
     +2.526938     +2.526492     +2.585261     +0.010607     -0.004130     +0.004939
     +2.536763     +2.532862     +2.588620     +0.015892     -0.005329     +0.000151
     +2.556906     +2.565897     +2.601378     +0.018412     +0.002687     -0.014888
     +2.577864     +2.574530     +2.609756     +0.018821     +0.001991     -0.023449
     +2.571141     +2.563505     +2.592550     +0.022897     -0.012029     -0.016355
     +2.538879     +2.542995     +2.566067     +0.007315     -0.024752     -0.006586
     +2.531882     +2.515075     +2.553327     -0.006165     -0.015310     -0.000600
     +2.548874     +2.516741     +2.572958     -0.005636     +0.000194     +0.004897
     +2.567951     +2.549868     +2.606744     -0.009041     +0.001327     +0.006852
     +2.590899     +2.563923     +2.627566     -0.012283     -0.000061     +0.005153
     +2.599662     +2.556461     +2.629445     -0.008732     +0.005884     +0.003659
     +2.577029     +2.552721     +2.614118     -0.008441     +0.009868     +0.007372
     +2.546052     +2.533140     +2.593200     -0.006426     -0.002614     +0.012377
     +2.544469     +2.530122     +2.578568     -0.001377     -0.011533     +0.014030
     +2.564937     +2.565326     +2.605593     -0.006827     -0.010775     +0.017978
     +2.591739     +2.589656     +2.621994     -0.022548     -0.012296     +0.020507
     +2.585088     +2.579410     +2.616050     -0.020898     -0.005027     +0.015063
     +2.539661     +2.551496     +2.583026     -0.013436     +0.008138     +0.002863
     +2.509755     +2.518030     +2.555266     -0.012835     +0.009942     -0.010229
     +2.503981     +2.502477     +2.550205     -0.002081     +0.010972     -0.017775
     +2.512575     +2.520058     +2.579234     +0.001043     +0.012187     -0.014333
     +2.558956     +2.574411     +2.624707     -0.004345     -0.003974     +0.008363
     +2.582712     +2.605295     +2.636905     +0.004519     -0.002901     +0.011831
     +2.559049     +2.593551     +2.619352     +0.012571     +0.015073     +0.003881
     +2.539527     +2.573243     +2.594990     +0.004161     +0.020253     -0.004537
     +2.535187     +2.569156     +2.586333     +0.002228     +0.009709     -0.007108
     +2.535092     +2.564995     +2.584907     +0.005817     +0.003737     -0.004899
     +2.562181     +2.561573     +2.606558     +0.006688     -0.000923     -0.007578
     +2.590831     +2.581964     +2.633366     +0.014910     -0.016302     -0.011958
     +2.578807     +2.574572     +2.626095     +0.021927     -0.013771     -0.012316
     +2.545234     +2.539471     +2.588021     +0.014772     -0.000189     -0.005923
     +2.511646     +2.509106     +2.549227     +0.014873     +0.005328     -0.012579
     +2.507535     +2.517280     +2.542955     +0.014786     +0.007067     -0.020480
     +2.534136     +2.538643     +2.572712     +0.005595     +0.016487     -0.013543
     +2.578888     +2.567458     +2.606227     +0.004616     -0.001546     -0.004749
     +2.594262     +2.579894     +2.622886     +0.005706     -0.018080     +0.000824
     +2.573040     +2.551674     +2.607836     -0.008124     -0.011222     +0.010949
     +2.535541     +2.510255     +2.568667     -0.009495     -0.005927     +0.008451
     +2.517960     +2.501330     +2.556173     -0.004720     -0.007203     +0.000091
     +2.537831     +2.535752     +2.590785     -0.014879     -0.001708     -0.001390
     +2.594106     +2.585624     +2.644968     -0.021670     +0.004287     -0.005999
     +2.650159     +2.644400     +2.684251     -0.019292     -0.010111     -0.011071
     +2.631611     +2.649585     +2.684372     -0.028631     -0.020534     +0.001984
     +2.578841     +2.595123     +2.634015     -0.026929     -0.010256     +0.014935
     +2.533984     +2.549577     +2.579153     -0.016087     +0.001389     +0.015443
     +2.508107     +2.529623     +2.553493     -0.017819     +0.007129     +0.012740
     +2.518873     +2.532874     +2.573563     -0.015710     +0.018467     +0.011778
     +2.555878     +2.566915     +2.607565     +0.001512     +0.027441     +0.010144
     +2.559211     +2.586053     +2.608635     -0.001527     +0.020560     -0.003839
     +2.534489     +2.552557     +2.581810     -0.004724     +0.007165     -0.009471
     +2.502889     +2.513839     +2.544880     +0.005632     +0.000956     -0.009245
     +2.480998     +2.509939     +2.531218     +0.000633     -0.003641     -0.004414
     +2.498727     +2.524267     +2.549936     +0.004633     +0.003815     -0.003029
     +2.548091     +2.569609     +2.603930     +0.021275     +0.016319     -0.007282
     +2.589583     +2.617496     +2.642219     +0.022315     +0.013404     -0.009906
     +2.605894     +2.616309     +2.653162     +0.022298     -0.001017     -0.005941
     +2.601562     +2.573897     +2.628034     +0.028310     -0.014791     -0.003263
     +2.573551     +2.548319     +2.598081     +0.017376     -0.021256     -0.002183
     +2.543023     +2.533807     +2.585878     +0.004399     -0.026236     +0.000482
     +2.535967     +2.521202     +2.583812     +0.010733     -0.018836     +0.001913
     +2.557918     +2.548671     +2.598786     +0.007706     -0.002864     +0.005303
     +2.568683     +2.560296     +2.609716     +0.002182     -0.001535     +0.001367
     +2.557551     +2.541535     +2.596292     +0.006319     +0.000336     -0.010158
     +2.547191     +2.528688     +2.568575     +0.002225     +0.001781     -0.012073
     +2.550269     +2.530413     +2.569768     -0.005788     -0.013313     -0.002832
     +2.555183     +2.522596     +2.577098     -0.002921     -0.018674     +0.002729
     +2.579524     +2.543984     +2.605635     -0.013804     -0.008970     +0.008355
     +2.602301     +2.579596     +2.630131     -0.024349     -0.002151     +0.013889
     +2.584360     +2.582355     +2.637496     -0.019575     -0.000885     +0.015540
     +2.554058     +2.563238     +2.612051     -0.014222     +0.002034     +0.010585
     +2.539490     +2.540460     +2.576905     -0.012186     -0.003323     -0.000485
     +2.530060     +2.521877     +2.558103     -0.000282     -0.018024     -0.010253
     +2.507190     +2.522640     +2.549828     +0.003255     -0.012980     +0.001086
     +2.523594     +2.546785     +2.564298     -0.002748     +0.005561     +0.009859
     +2.542409     +2.556419     +2.582199     -0.001713     +0.010351     +0.006435
     +2.533593     +2.556274     +2.586730     -0.003951     +0.015221     -0.000742
     +2.531462     +2.551139     +2.586760     -0.001928     +0.023424     -0.004329
     +2.546115     +2.560691     +2.608946     +0.006367     +0.018395     -0.006645
     +2.546808     +2.581434     +2.620426     +0.010199     +0.014666     -0.004336
     +2.567378     +2.604603     +2.632932     +0.007119     +0.009177     -0.003548
     +2.588164     +2.610829     +2.638834     +0.010871     -0.004635     -0.003560
     +2.581772     +2.601150     +2.632210     +0.016089     -0.013886     +0.005057
     +2.560659     +2.573315     +2.598588     +0.013778     -0.003979     +0.008659
     +2.542516     +2.542284     +2.578424     +0.012402     +0.008969     -0.004933
     +2.524933     +2.529261     +2.570402     +0.010265     +0.004114     -0.012920
     +2.526429     +2.524039     +2.565728     +0.000233     -0.005245     -0.007550
     +2.555445     +2.528201     +2.580313     +0.001432     -0.010689     -0.006615
     +2.568219     +2.535281     +2.601371     +0.007269     -0.016394     -0.016515
     +2.546783     +2.533191     +2.588711     -0.004992     -0.013543     -0.006345
     +2.536659     +2.514470     +2.558378     -0.002819     +0.001902     +0.008531
     +2.555775     +2.527229     +2.577927     +0.004601     +0.009016     +0.011129
     +2.572865     +2.549142     +2.600995     +0.001569     +0.002646     +0.005580
     +2.620310     +2.565750     +2.632829     -0.001930     -0.003312     -0.005635
     +2.650740     +2.588424     +2.661736     -0.000711     -0.013281     -0.010042
     +2.625967     +2.590824     +2.666698     -0.011060     -0.026320     +0.005487
     +2.569123     +2.542569     +2.605081     -0.021547     -0.025875     +0.015937
     +2.527396     +2.505170     +2.554112     -0.005297     -0.009427     +0.007390
     +2.516414     +2.518397     +2.552715     -0.003287     -0.003460     +0.004562
     +2.530276     +2.535065     +2.570136     -0.008098     -0.002492     +0.011118
     +2.566381     +2.568232     +2.603899     +0.001173     +0.007801     +0.008815
     +2.585867     +2.603096     +2.635356     +0.000151     +0.010762     -0.004911
     +2.574244     +2.582725     +2.629167     -0.004974     +0.002067     -0.007675
     +2.535957     +2.538247     +2.582719     +0.004182     +0.003169     +0.001343
     +2.515828     +2.538636     +2.575736     -0.002057     +0.012984     +0.016296
     +2.524947     +2.567870     +2.592594     -0.013010     +0.014699     +0.015610
     +2.554835     +2.598159     +2.623596     -0.001853     +0.016607     +0.003755
     +2.578412     +2.622695     +2.643619     +0.004900     +0.020571     -0.005781
     +2.575591     +2.617678     +2.636633     +0.000860     +0.010502     -0.008254
     +2.535733     +2.556155     +2.578102     +0.016981     -0.006695     -0.012418
     +2.497360     +2.503375     +2.532552     +0.013619     -0.005139     -0.015440
     +2.498211     +2.497729     +2.540199     +0.002575     -0.004333     -0.009793
     +2.539928     +2.523560     +2.572213     +0.010877     -0.005091     -0.005854
     +2.584905     +2.567957     +2.615530     +0.013939     +0.003055     +0.000633
     +2.607161     +2.591019     +2.636184     +0.002627     +0.009031     +0.000789
     +2.595549     +2.568828     +2.628962     +0.003331     -0.001394     -0.007401
     +2.582782     +2.545213     +2.605727     +0.002818     -0.001534     -0.003554
     +2.581938     +2.534232     +2.605457     +0.001931     -0.000667     +0.003515
     +2.594320     +2.538119     +2.615795     +0.002900     -0.012604     -0.002823
     +2.623345     +2.573271     +2.646558     +0.000885     -0.010490     -0.002918
     +2.633069     +2.596884     +2.655639     -0.010684     +0.001467     +0.015452
     +2.605049     +2.558748     +2.621053     -0.008252     -0.002271     +0.018839
     +2.533756     +2.507897     +2.556221     -0.001271     -0.011259     +0.003421
     +2.485527     +2.482119     +2.516372     -0.009250     -0.003239     -0.004666
     +2.488494     +2.480867     +2.519121     -0.005851     +0.000389     -0.005521
     +2.527140     +2.527721     +2.561507     +0.001578     -0.007124     +0.000750
     +2.571542     +2.590742     +2.620795     -0.006670     -0.002559     +0.014817
     +2.592114     +2.598841     +2.639163     -0.005157     +0.006267     +0.011589
     +2.563287     +2.582903     +2.617406     +0.001247     +0.010999     +0.005200
     +2.530252     +2.566315     +2.590485     -0.004817     +0.014967     +0.006325
     +2.532943     +2.560409     +2.588883     -0.004040     +0.012803     +0.000419
     +2.556028     +2.589736     +2.611368     +0.001077     +0.004701     -0.016111
     +2.588610     +2.646884     +2.660995     -0.003959     +0.000976     -0.022695
     +2.609101     +2.654372     +2.676522     -0.001954     +0.007441     -0.011465
     +2.576418     +2.598491     +2.637178     +0.007852     +0.007218     +0.002681
     +2.527500     +2.553794     +2.586270     +0.000168     -0.000966     +0.003976
     +2.508277     +2.520303     +2.554574     -0.000940     +0.002810     +0.002376
     +2.512000     +2.505659     +2.546117     +0.008763     +0.009252     -0.001727
     +2.543049     +2.536926     +2.578484     +0.007465     +0.004957     -0.002987
     +2.609516     +2.589763     +2.644029     +0.001628     -0.009761     -0.005974
     +2.649468     +2.605050     +2.656560     +0.007604     -0.010777     -0.016693
     +2.620842     +2.583239     +2.636277     +0.002964     -0.005178     -0.006737
     +2.594799     +2.560693     +2.620977     -0.000958     -0.004347     +0.008258
     +2.572514     +2.538311     +2.602652     +0.004558     -0.004408     +0.007243
     +2.552792     +2.525342     +2.584534     +0.002005     -0.004478     -0.002799
     +2.563043     +2.541339     +2.601011     -0.006450     -0.001148     -0.013253
     +2.600814     +2.552474     +2.618463     +0.003410     +0.002901     -0.015134
     +2.578753     +2.539812     +2.595003     +0.008186     -0.000092     -0.007925
     +2.542119     +2.524600     +2.569957     -0.007169     -0.016536     +0.001790
     +2.529076     +2.513476     +2.555299     -0.004083     -0.014089     +0.005926
     +2.521376     +2.512016     +2.547180     -0.000466     +0.003651     +0.011259
     +2.526391     +2.528165     +2.555600     -0.009127     +0.005907     +0.013969
     +2.558678     +2.573599     +2.606025     +0.000823     -0.001086     +0.001728
     +2.591368     +2.603879     +2.637246     +0.003207     +0.006389     -0.009656
     +2.596788     +2.606152     +2.644401     -0.007597     +0.013003     -0.007050
     +2.586044     +2.595131     +2.639690     -0.005302     +0.000560     +0.000612
     +2.567959     +2.572087     +2.621446     +0.001027     -0.013834     -0.001000
     +2.537055     +2.534235     +2.578004     -0.007848     -0.009961     -0.002673
     +2.514032     +2.521203     +2.560048     -0.010593     +0.003089     -0.003933
     +2.519230     +2.537211     +2.573542     -0.001008     +0.011687     -0.001392
     +2.526468     +2.550823     +2.577764     -0.004475     +0.012013     +0.000804
     +2.538965     +2.561104     +2.585017     -0.002768     +0.003055     -0.004413
     +2.542898     +2.567235     +2.584611     +0.015508     -0.000235     -0.009708
     +2.543772     +2.562355     +2.586891     +0.011375     +0.009047     -0.003353
     +2.550073     +2.554989     +2.586760     +0.003942     +0.006186     +0.012316
     +2.565927     +2.571494     +2.606317     +0.003344     -0.003311     +0.016796
     +2.573161     +2.576472     +2.615652     -0.003113     +0.001422     +0.008538
     +2.574952     +2.568449     +2.623007     -0.003108     +0.008758     -0.007693
     +2.569613     +2.566952     +2.624848     +0.005400     +0.000279     -0.015172
     +2.553783     +2.560837     +2.605521     +0.003515     -0.008884     -0.010295
     +2.534321     +2.536439     +2.576331     -0.002801     -0.012105     -0.010161
     +2.531769     +2.516591     +2.562973     +0.009441     -0.011954     -0.006616
     +2.545175     +2.532851     +2.571576     +0.008067     -0.011904     +0.007430
     +2.548243     +2.531794     +2.565479     +0.001121     -0.009281     +0.010521
     +2.552600     +2.523479     +2.569018     +0.004159     -0.005575     -0.001612
     +2.558048     +2.537490     +2.585422     -0.002248     +0.003444     -0.005374
     +2.565615     +2.539535     +2.599291     -0.004523     +0.014852     -0.001364
     +2.565004     +2.533205     +2.607464     +0.003333     +0.001732     -0.000569
     +2.578244     +2.556187     +2.633165     -0.001701     -0.009491     +0.002691
     +2.595265     +2.575388     +2.646102     -0.006612     -0.008041     +0.004461
     +2.606441     +2.572457     +2.638510     -0.000993     +0.004988     +0.001540
     +2.598166     +2.581201     +2.620851     +0.002625     +0.006114     +0.000968
     +2.583587     +2.579233     +2.603347     -0.005383     -0.000502     -0.001374
     +2.563085     +2.551992     +2.581604     -0.003642     +0.003658     -0.007899
     +2.531280     +2.531303     +2.560009     -0.003834     +0.005045     -0.006886
     +2.512731     +2.526549     +2.557145     -0.010554     -0.001740     +0.006473
     +2.514087     +2.527767     +2.569814     -0.000866     -0.004724     +0.008889
     +2.515163     +2.545369     +2.592877     +0.003623     +0.003642     +0.007472
     +2.530800     +2.574145     +2.616039     -0.006052     +0.017434     +0.015653
     +2.549598     +2.589196     +2.631026     +0.000763     +0.025396     +0.011502
     +2.551924     +2.589511     +2.622864     +0.006007     +0.022759     -0.002128
     +2.554698     +2.597083     +2.611904     +0.002920     +0.009444     -0.005330
     +2.560869     +2.593585     +2.602444     +0.002002     +0.005047     -0.005034
     +2.558243     +2.580455     +2.601995     -0.000776     +0.010320     -0.001656
     +2.549461     +2.576785     +2.602874     -0.011914     +0.001114     +0.006029
     +2.558406     +2.565569     +2.606443     -0.006471     -0.015129     +0.009746
     +2.544243     +2.548272     +2.596001     +0.003576     -0.006556     +0.000078
     +2.526726     +2.528007     +2.572492     +0.003899     +0.008303     -0.003823
     +2.535422     +2.503933     +2.563771     +0.006389     -0.000928     -0.005226
     +2.559405     +2.514930     +2.573132     +0.009008     -0.011695     -0.007528
     +2.587089     +2.545226     +2.600544     +0.006915     -0.013475     -0.005215
     +2.649431     +2.572347     +2.638110     +0.008907     -0.008998     -0.000908
     +2.652768     +2.582954     +2.657438     +0.005468     -0.005792     +0.002175
     +2.609613     +2.569200     +2.628478     -0.006446     -0.005999     +0.005332
     +2.578977     +2.539839     +2.607371     -0.010464     -0.007616     +0.006240
     +2.558485     +2.531532     +2.598812     -0.001330     -0.002104     -0.004710
     +2.550626     +2.536394     +2.595592     +0.004273     +0.005382     -0.010679
     +2.560589     +2.521710     +2.590927     -0.000063     -0.012750     -0.003347
     +2.562459     +2.532289     +2.590160     +0.003750     -0.023580     +0.004642
     +2.543918     +2.535705     +2.578923     +0.000907     -0.007209     +0.007882
     +2.537380     +2.513460     +2.549469     -0.009011     +0.010560     +0.010228
     +2.525011     +2.525846     +2.549198     -0.002609     +0.009817     +0.005118
     +2.528541     +2.563135     +2.570737     -0.001799     +0.006405     -0.002482
     +2.556981     +2.579876     +2.602256     -0.013346     +0.011817     -0.002930
     +2.580765     +2.608012     +2.635314     -0.005400     +0.013139     -0.001842
     +2.574931     +2.619186     +2.656206     +0.001681     +0.006416     -0.008826
     +2.558621     +2.588877     +2.633991     +0.000422     -0.006607     -0.006969
     +2.528968     +2.549521     +2.600018     +0.005232     -0.005191     -0.002928
     +2.504573     +2.535479     +2.584582     +0.000287     +0.013549     +0.006129
     +2.519662     +2.544691     +2.585373     -0.013875     +0.013660     +0.006969
     +2.550217     +2.575039     +2.605234     -0.008057     +0.009689     -0.003168
     +2.561132     +2.607411     +2.618730     +0.001576     +0.004392     -0.007252
     +2.558081     +2.579202     +2.601825     -0.002879     +0.005578     -0.005695
     +2.536713     +2.537220     +2.566412     -0.000077     +0.007304     -0.001066
     +2.513349     +2.519703     +2.558277     +0.002557     -0.003653     +0.005205
     +2.528536     +2.513421     +2.564079     -0.000042     -0.009990     +0.009356
     +2.565556     +2.527127     +2.590893     +0.007686     +0.005916     +0.000384
     +2.589593     +2.568635     +2.629741     +0.010515     +0.020843     -0.004615
     +2.593669     +2.563823     +2.634668     -0.001764     -0.000317     -0.002241
     +2.588157     +2.547156     +2.618260     -0.008104     -0.018982     -0.005680
     +2.561095     +2.537430     +2.587909     -0.002767     -0.016388     -0.002157
     +2.562399     +2.532453     +2.581500     -0.000163     -0.012388     +0.004383
     +2.569958     +2.529581     +2.574247     -0.000159     -0.017098     -0.002282
     +2.580143     +2.555695     +2.587264     +0.004458     -0.022231     +0.000758
     +2.585066     +2.551174     +2.596786     -0.000469     -0.011463     +0.011136
     +2.574638     +2.535515     +2.589265     +0.000978     +0.004763     +0.007891
     +2.536780     +2.520529     +2.574323     +0.004029     +0.009175     -0.005009
     +2.518891     +2.501123     +2.577171     -0.002561     -0.004990     +0.000242
     +2.527770     +2.511050     +2.592807     -0.007838     -0.007814     +0.004471
     +2.557491     +2.554809     +2.623970     -0.006525     +0.010020     +0.005435
     +2.587574     +2.588865     +2.645203     -0.002840     +0.008503     +0.006154
     +2.601897     +2.610246     +2.645152     +0.002328     -0.003602     +0.001557
     +2.586987     +2.608853     +2.624167     +0.004827     +0.003076     -0.003468
     +2.558891     +2.573052     +2.594152     -0.000410     +0.016690     -0.001384
     +2.525280     +2.534725     +2.556949     -0.000448     +0.013592     +0.001636
     +2.497737     +2.523766     +2.538014     +0.005632     +0.000445     -0.009737
     +2.505023     +2.529810     +2.554833     +0.002790     -0.000004     -0.011697
     +2.517280     +2.531734     +2.569154     -0.003656     +0.007512     +0.002414
     +2.521875     +2.554852     +2.585111     +0.001744     +0.024057     +0.008680
     +2.533912     +2.572542     +2.603276     -0.004403     +0.022888     +0.005294
     +2.555361     +2.575874     +2.609501     +0.004020     +0.008734     +0.005250
     +2.549146     +2.568997     +2.593990     +0.017198     +0.008535     -0.001076
     +2.560015     +2.568793     +2.601014     +0.009068     +0.008900     -0.005058
     +2.574579     +2.575105     +2.613843     +0.001896     -0.003375     -0.002272
     +2.581843     +2.595969     +2.626206     +0.004821     -0.019940     -0.001903
     +2.577803     +2.593699     +2.634080     +0.000185     -0.014081     -0.005587
     +2.577076     +2.566008     +2.626662     -0.005442     -0.002977     -0.003268
     +2.540842     +2.528706     +2.584153     +0.003197     -0.004642     +0.003295
     +2.510221     +2.500860     +2.548767     +0.000624     -0.011610     +0.000359
     +2.525865     +2.500878     +2.554028     -0.000752     -0.007442     -0.005995
     +2.560604     +2.532089     +2.579788     +0.009916     +0.001844     -0.002105
     +2.589646     +2.563186     +2.611850     +0.008493     -0.006239     +0.003559
     +2.613774     +2.568889     +2.628012     -0.009484     -0.022315     +0.003424
     +2.606510     +2.573046     +2.627525     -0.014497     -0.016677     +0.009674
     +2.585903     +2.565217     +2.613330     -0.014593     +0.004982     +0.014779
     +2.570858     +2.549316     +2.606154     -0.012252     +0.009023     +0.006774
     +2.563690     +2.543803     +2.602638     -0.002158     -0.006722     -0.004605
     +2.574370     +2.556557     +2.613727     +0.004257     -0.021460     -0.004773
     +2.584847     +2.567127     +2.630059     +0.000790     -0.016912     +0.000686
     +2.577474     +2.568118     +2.615214     +0.002561     -0.000229     +0.002184
     +2.537873     +2.548803     +2.574714     +0.004190     +0.002642     +0.008560
     +2.519281     +2.528873     +2.553627     -0.003424     -0.001146     +0.005990
     +2.512157     +2.525513     +2.550801     -0.006582     +0.009639     -0.005748
     +2.523993     +2.545710     +2.565777     -0.003780     +0.020678     -0.002972
     +2.553945     +2.583645     +2.609930     -0.002012     +0.014556     +0.007722
     +2.591785     +2.635417     +2.663378     +0.006720     +0.006977     -0.001670
     +2.576381     +2.626139     +2.649466     +0.013980     +0.012467     -0.015644
     +2.554483     +2.593196     +2.626954     +0.007299     +0.014948     -0.008121
     +2.535649     +2.571791     +2.603824     -0.000937     +0.011272     +0.006070
     +2.530742     +2.573840     +2.591039     -0.006188     +0.010433     +0.009401
     +2.542797     +2.580711     +2.598977     -0.007373     +0.012101     +0.004333
     +2.565530     +2.579217     +2.612892     -0.005116     +0.010542     -0.006311
     +2.569094     +2.568346     +2.601626     -0.001689     +0.001557     -0.011700
     +2.552294     +2.542849     +2.580936     -0.000011     -0.011397     -0.000283
     +2.533259     +2.517792     +2.568162     +0.003106     -0.011683     +0.007465
     +2.528805     +2.507866     +2.559265     +0.005536     +0.001438     -0.001906
     +2.550609     +2.513031     +2.571984     +0.004443     +0.010133     -0.001431
     +2.595258     +2.540226     +2.621585     +0.005245     -0.002273     +0.010513
     +2.627972     +2.564240     +2.645964     -0.000268     -0.005252     +0.002792
     +2.642903     +2.573109     +2.644466     -0.007420     +0.003913     -0.008249
     +2.629548     +2.562773     +2.639082     -0.005869     +0.002860     -0.005471
     +2.583637     +2.530434     +2.605633     -0.000905     -0.022305     +0.001903
     +2.568680     +2.514701     +2.571989     -0.006932     -0.037709     -0.000879
     +2.564554     +2.517026     +2.568995     -0.004695     -0.020689     +0.001135
     +2.562535     +2.532323     +2.581372     +0.001808     -0.008353     +0.007180
     +2.556166     +2.532092     +2.577084     +0.002187     -0.008236     +0.007262
     +2.542646     +2.521722     +2.571614     -0.000405     -0.007573     +0.008322
     +2.532582     +2.509395     +2.581378     +0.000353     +0.002717     +0.003264
     +2.538245     +2.516608     +2.585988     -0.002363     +0.008639     -0.009718
     +2.539644     +2.535751     +2.592661     -0.005350     +0.007612     -0.010998
     +2.550322     +2.566954     +2.607944     -0.000275     +0.000959     +0.000405
     +2.572971     +2.596502     +2.616553     +0.002737     +0.000114     +0.002583
     +2.599488     +2.615024     +2.628972     -0.000825     +0.008948     -0.005024
     +2.589232     +2.611393     +2.631057     +0.003451     +0.009419     +0.000523
     +2.552534     +2.595063     +2.610637     +0.009652     +0.001021     +0.014299
     +2.517995     +2.561398     +2.583698     +0.000110     +0.005704     +0.003562
     +2.507091     +2.534963     +2.583241     +0.001876     +0.013214     -0.004798
     +2.515664     +2.535757     +2.586404     +0.004434     +0.010062     -0.000153
     +2.529745     +2.556449     +2.588291     +0.000908     +0.004197     +0.001200
     +2.546311     +2.583321     +2.601216     +0.001529     +0.007988     +0.000502
     +2.558708     +2.585928     +2.600518     +0.004422     +0.015250     +0.005096
     +2.563319     +2.576279     +2.584843     +0.003293     +0.012072     +0.001654
     +2.559665     +2.555068     +2.580714     +0.003528     -0.002640     -0.008089
     +2.560392     +2.543891     +2.589751     +0.007493     -0.009987     -0.005174
     +2.572133     +2.552540     +2.605579     +0.004262     -0.003454     -0.001405
     +2.582867     +2.562756     +2.626338     +0.001011     +0.001559     -0.004526
     +2.569107     +2.544678     +2.626763     +0.000709     -0.011027     -0.000289
     +2.557403     +2.529259     +2.604678     +0.003039     -0.027098     +0.016504
     +2.543385     +2.526893     +2.576378     +0.000827     -0.010775     +0.013595
     +2.537976     +2.522935     +2.573848     -0.001994     +0.003547     +0.005140
     +2.548835     +2.528140     +2.574797     -0.003945     -0.005662     +0.007506
     +2.569181     +2.534049     +2.580677     -0.004755     -0.016534     +0.003763
     +2.590044     +2.528965     +2.593679     -0.000502     -0.009257     -0.005869
     +2.597832     +2.531284     +2.606887     -0.000585     -0.000104     -0.000435
     +2.585553     +2.536478     +2.601511     -0.002657     -0.003715     +0.005573
     +2.571305     +2.544824     +2.606389     -0.003394     -0.009430     +0.005721
     +2.572853     +2.558877     +2.622038     -0.002490     -0.009684     +0.010680
     +2.586741     +2.577474     +2.630063     +0.002313     -0.000937     +0.007635
     +2.585136     +2.584693     +2.627065     +0.006723     +0.006020     -0.010986
     +2.565954     +2.576559     +2.610881     +0.005110     +0.000026     -0.018025
     +2.548390     +2.562217     +2.584538     +0.002900     -0.003549     -0.004420
     +2.530111     +2.530682     +2.559264     +0.005825     +0.010798     -0.001975
     +2.522169     +2.515532     +2.558052     +0.002916     +0.019028     -0.005407
     +2.531291     +2.534470     +2.568519     -0.002714     +0.009195     +0.004274
     +2.538109     +2.573831     +2.594718     +0.003659     +0.010324     +0.012035
     +2.529331     +2.579113     +2.610764     +0.003812     +0.022441     +0.007308
     +2.527506     +2.573158     +2.604379     +0.002202     +0.020359     +0.004592
     +2.521032     +2.570431     +2.585643     +0.014788     +0.007071     -0.000511
     +2.529614     +2.570939     +2.594198     +0.016724     +0.002328     -0.006023
     +2.544716     +2.581968     +2.606018     +0.009481     +0.008426     -0.003842
     +2.572561     +2.604006     +2.625680     +0.011920     +0.016251     -0.000635
     +2.597945     +2.602648     +2.641800     +0.009213     +0.013537     -0.001872
     +2.609102     +2.596760     +2.649440     -0.000261     +0.001737     -0.007955
     +2.585037     +2.580375     +2.618555     +0.005109     +0.001430     -0.006540
     +2.549510     +2.545728     +2.581824     +0.008543     +0.008340     -0.007597
     +2.525253     +2.508712     +2.561683     +0.002284     +0.001053     -0.009815
     +2.524895     +2.501774     +2.562518     +0.001924     -0.022109     -0.001369
     +2.558449     +2.518950     +2.587457     +0.006874     -0.028522     +0.008580
     +2.606108     +2.549002     +2.621245     -0.004032     -0.001746     +0.015172
     +2.610148     +2.568997     +2.625571     -0.009764     +0.005425     +0.016438
     +2.585866     +2.544783     +2.596231     -0.003411     -0.013545     +0.014119
     +2.583307     +2.520614     +2.582304     -0.010393     -0.015436     +0.005895
     +2.595969     +2.524617     +2.594502     -0.014011     -0.008233     +0.005722
     +2.595402     +2.532063     +2.608000     -0.004159     -0.010965     +0.008930
     +2.593853     +2.539152     +2.620754     -0.000484     -0.017745     +0.002993
     +2.598605     +2.555958     +2.635577     -0.006736     -0.015971     -0.000604
     +2.599070     +2.557673     +2.633793     +0.004784     -0.003017     +0.004109
     +2.588039     +2.547294     +2.614927     +0.006192     +0.004772     +0.009327
     +2.553594     +2.524074     +2.584134     +0.000451     +0.000323     -0.000423
     +2.530007     +2.520836     +2.560611     +0.003263     -0.009004     -0.012143
     +2.537246     +2.544696     +2.570542     +0.006327     -0.003947     -0.010348
     +2.572284     +2.576312     +2.608357     +0.001335     +0.003627     -0.007758
     +2.586229     +2.603590     +2.627668     +0.006150     -0.002597     -0.004379
     +2.571824     +2.610733     +2.623597     +0.009526     -0.000183     +0.005372
     +2.537110     +2.579616     +2.609884     +0.006902     +0.017777     +0.007532
     +2.506168     +2.545868     +2.589010     +0.015543     +0.027538     -0.001593
     +2.498908     +2.534928     +2.570346     +0.020341     +0.018710     +0.000152
     +2.529080     +2.553333     +2.595205     +0.014622     +0.008095     +0.001489
     +2.564744     +2.591773     +2.623541     +0.015212     +0.009528     -0.019665
     +2.562747     +2.610913     +2.619908     +0.007139     +0.015221     -0.010354
     +2.549505     +2.588626     +2.595861     +0.000522     +0.018681     +0.010498
     +2.527411     +2.554369     +2.579958     +0.008027     +0.019229     +0.005190
     +2.513293     +2.541752     +2.565269     +0.006001     +0.011834     -0.003101
     +2.518625     +2.537172     +2.568680     +0.007995     +0.010121     +0.001220
     +2.554153     +2.553942     +2.603054     +0.016125     +0.012104     -0.006207
     +2.580687     +2.570670     +2.629482     +0.011710     -0.006025     -0.013224
     +2.590898     +2.572892     +2.633079     +0.002515     -0.025964     -0.005679
     +2.581511     +2.548323     +2.608846     +0.000419     -0.012484     +0.001924
     +2.576072     +2.537805     +2.586391     -0.008269     +0.006214     +0.010528
     +2.566608     +2.532728     +2.578412     -0.010113     -0.004218     +0.015668
     +2.578480     +2.537788     +2.595446     -0.001388     -0.013869     +0.006875
     +2.611951     +2.558805     +2.617626     -0.000843     -0.004944     -0.008507
     +2.618244     +2.561321     +2.638768     -0.002056     -0.002781     -0.001012
     +2.576103     +2.526429     +2.613481     +0.004732     -0.014232     +0.012827
     +2.525687     +2.487939     +2.561468     -0.001723     -0.015286     +0.006150
     +2.519276     +2.480065     +2.544336     -0.013922     -0.012497     +0.007048
     +2.544581     +2.502429     +2.570060     -0.009877     -0.004097     +0.018071
     +2.570798     +2.538524     +2.591795     -0.003584     +0.002409     +0.013584
     +2.595937     +2.570637     +2.611589     -0.010125     -0.006079     -0.007380
     +2.597045     +2.576478     +2.622972     -0.000959     -0.011027     -0.014055
     +2.573792     +2.554733     +2.601903     +0.013050     -0.000534     -0.006652
     +2.553761     +2.535174     +2.581163     +0.004626     +0.000390     -0.000680
     +2.545478     +2.543414     +2.589686     +0.002214     -0.010244     +0.004715
     +2.553795     +2.567633     +2.622371     +0.006162     -0.001911     +0.003980
     +2.572130     +2.590425     +2.638331     +0.000813     +0.018732     -0.002154
     +2.584228     +2.605737     +2.645488     -0.000267     +0.020564     -0.010604
     +2.568117     +2.594322     +2.623487     +0.013102     +0.002888     -0.010873
     +2.534337     +2.565158     +2.583354     +0.006799     +0.007138     -0.011731
     +2.500005     +2.530337     +2.543424     +0.002383     +0.018015     -0.012187
     +2.492997     +2.525824     +2.537423     +0.013548     +0.016420     +0.005513
     +2.520612     +2.545069     +2.565142     +0.007143     +0.016643     +0.019288
     +2.558132     +2.577205     +2.613165     +0.001465     +0.014964     +0.010615
     +2.568138     +2.585055     +2.638885     +0.012805     +0.015286     -0.004864
     +2.550995     +2.570817     +2.622238     +0.011523     +0.021023     -0.006989
     +2.530244     +2.548102     +2.592761     +0.009633     +0.013605     -0.010494
     +2.522065     +2.538494     +2.573704     +0.010530     -0.009152     -0.011072
     +2.535127     +2.547230     +2.572633     +0.005641     -0.012693     -0.001267
     +2.583311     +2.581937     +2.601397     +0.003598     +0.006138     +0.008074
     +2.618309     +2.615172     +2.646221     +0.011472     +0.008521     +0.011109
     +2.619246     +2.621108     +2.662705     +0.011738     -0.009011     +0.002333
     +2.606635     +2.584765     +2.633581     +0.001564     -0.009781     -0.007769
     +2.581382     +2.534952     +2.600828     -0.002074     -0.000276     -0.007835
     +2.546909     +2.505886     +2.582010     -0.003289     -0.001342     +0.001427
     +2.529375     +2.499228     +2.565751     -0.007246     -0.008972     +0.009515
     +2.552183     +2.523422     +2.580768     -0.008128     -0.010236     +0.004794
     +2.588817     +2.568874     +2.630513     -0.006503     -0.002826     +0.012954
     +2.605958     +2.587737     +2.631686     -0.008653     +0.003466     +0.031243
     +2.576193     +2.548156     +2.588611     -0.004570     -0.003774     +0.017186
     +2.539089     +2.520185     +2.560168     -0.002614     -0.014418     -0.003569
     +2.531400     +2.513242     +2.561880     -0.004317     -0.010072     -0.002295
     +2.558427     +2.521767     +2.575210     -0.000263     -0.003109     +0.000880
     +2.583647     +2.545851     +2.616850     -0.002430     -0.010987     +0.005756
     +2.606568     +2.587264     +2.659908     -0.014166     -0.018785     +0.017189
     +2.595404     +2.592950     +2.650076     -0.007613     +0.001213     +0.011108
     +2.564375     +2.574013     +2.619104     +0.007201     +0.020550     -0.006273
     +2.541363     +2.556478     +2.592602     +0.009452     +0.011707     -0.009801
     +2.542330     +2.559639     +2.583643     +0.009440     -0.004209     -0.007119
     +2.549196     +2.569710     +2.583722     +0.014795     -0.003305     -0.008573
     +2.559531     +2.585554     +2.602951     +0.006915     +0.009719     -0.000416
     +2.560988     +2.584390     +2.599399     +0.001482     +0.010905     +0.008532
     +2.524940     +2.542645     +2.572179     +0.012863     +0.007940     +0.002016
     +2.486370     +2.501123     +2.550040     +0.004887     +0.006578     -0.005259
     +2.475884     +2.493831     +2.546484     +0.004861     +0.012684     -0.005243
     +2.504455     +2.533861     +2.578041     +0.020571     +0.020615     -0.010881
     +2.553850     +2.586097     +2.629006     +0.018021     +0.009703     -0.010038
     +2.587787     +2.613449     +2.643972     +0.015449     -0.009340     -0.005839
     +2.581510     +2.594133     +2.618616     +0.021995     -0.003898     -0.002196
     +2.554161     +2.555920     +2.582004     +0.009041     +0.009824     +0.004097
     +2.528941     +2.533062     +2.560686     -0.000347     +0.005493     +0.001961
     +2.543280     +2.543097     +2.572542     +0.004499     -0.004968     -0.005444
     +2.576807     +2.561029     +2.611160     -0.003706     -0.003024     -0.009362
     +2.601170     +2.576037     +2.644275     -0.008118     +0.000099     -0.001615
     +2.582011     +2.562420     +2.624238     -0.000207     -0.008679     +0.001930
     +2.541715     +2.534331     +2.589641     -0.003670     -0.009714     +0.007324
     +2.507852     +2.502767     +2.555325     -0.009176     -0.002692     +0.010535
     +2.516617     +2.493919     +2.541002     -0.001318     +0.007508     +0.014040
     +2.557626     +2.525198     +2.568366     -0.009797     +0.007367     +0.020783
     +2.602984     +2.574264     +2.619240     -0.023569     -0.004225     +0.012047
     +2.621580     +2.591067     +2.631561     -0.015051     -0.006220     +0.002077
     +2.596132     +2.569172     +2.616346     -0.011672     -0.001141     +0.006392
     +2.554155     +2.529347     +2.594270     -0.011713     -0.008133     +0.011318
     +2.520943     +2.509344     +2.571373     -0.002310     -0.021451     +0.003944
     +2.509868     +2.521412     +2.569326     +0.001974     -0.014975     +0.002918
     +2.531135     +2.553111     +2.604891     +0.000444     +0.009262     +0.005198
     +2.570173     +2.584376     +2.627715     +0.013776     +0.015073     -0.002559
     +2.575795     +2.587119     +2.617776     +0.016260     +0.004965     -0.008202
     +2.553842     +2.564206     +2.597144     +0.004380     -0.002162     -0.008261
     +2.521005     +2.538064     +2.565816     +0.006577     +0.002776     -0.006344
     +2.510175     +2.544460     +2.553878     +0.011528     +0.012592     -0.000257
     +2.536570     +2.550136     +2.571745     +0.007959     +0.009216     +0.003938
     +2.566965     +2.598915     +2.631316     +0.022143     +0.000856     +0.002367
     +2.570915     +2.610161     +2.630507     +0.026291     +0.007709     +0.002456
     +2.553072     +2.589566     +2.617096     +0.019550     +0.016996     +0.003125
     +2.520162     +2.552055     +2.590122     +0.023790     +0.007485     -0.005876
     +2.511608     +2.531980     +2.560091     +0.024574     -0.006987     -0.017939
     +2.524222     +2.530975     +2.559210     +0.011881     -0.008202     -0.016465
     +2.553622     +2.550521     +2.592577     +0.005570     +0.002209     -0.009053
     +2.581943     +2.582598     +2.618360     +0.006110     +0.006296     -0.003602
     +2.578768     +2.589213     +2.616023     -0.000542     +0.001031     -0.001695
     +2.553146     +2.559944     +2.597670     +0.004407     -0.000965     -0.003209
     +2.537201     +2.518937     +2.573173     +0.008714     +0.002615     -0.002930
     +2.534787     +2.510070     +2.570664     +0.000025     +0.003344     +0.009544
     +2.546648     +2.528035     +2.595686     -0.005905     -0.006489     +0.013883
     +2.595966     +2.566605     +2.634166     -0.006211     -0.018545     +0.007842
     +2.624140     +2.589630     +2.649622     -0.018202     -0.005747     +0.013469
     +2.620089     +2.586388     +2.642531     -0.020374     +0.005758     +0.020518
     +2.573636     +2.544018     +2.598216     -0.014320     -0.007035     +0.014695
     +2.531496     +2.521720     +2.554990     -0.018589     -0.016088     +0.005932
     +2.512870     +2.507082     +2.545302     -0.010961     -0.005141     +0.004566
     +2.542577     +2.525168     +2.576426     +0.005950     +0.003512     +0.004353
     +2.568427     +2.559318     +2.606142     +0.000422     -0.008249     +0.004698
     +2.576403     +2.576988     +2.625457     -0.005827     -0.010513     +0.005769
     +2.558920     +2.560737     +2.610635     +0.001176     +0.000990     +0.004280
     +2.532648     +2.540082     +2.576544     +0.001157     +0.014747     +0.001666
     +2.521840     +2.538937     +2.566471     +0.008036     +0.012935     -0.004134
     +2.533248     +2.557279     +2.586148     +0.016512     +0.000496     -0.008772
     +2.569794     +2.613031     +2.621934     +0.009423     -0.001416     -0.007929
     +2.593680     +2.645920     +2.651656     +0.010756     +0.012986     -0.001186
     +2.584139     +2.625062     +2.650813     +0.024947     +0.019307     -0.001246
     +2.548086     +2.578383     +2.614123     +0.025316     +0.006113     -0.009807
     +2.513347     +2.534586     +2.570275     +0.016285     +0.003289     -0.009442
     +2.496950     +2.510627     +2.551533     +0.013755     +0.015180     +0.000926
     +2.518328     +2.531074     +2.567857     +0.011546     +0.016263     +0.002270
     +2.556055     +2.571167     +2.595982     +0.012063     -0.004595     -0.006135
     +2.582211     +2.597550     +2.622808     +0.020075     -0.018000     -0.015586
     +2.562126     +2.571322     +2.599375     +0.012164     -0.003349     -0.013420
     +2.544483     +2.548350     +2.576862     +0.001019     +0.005035     -0.001706
     +2.529281     +2.539857     +2.572660     +0.003503     +0.001486     -0.001026
     +2.546676     +2.547879     +2.593182     +0.005054     -0.004224     -0.010336
     +2.587751     +2.563829     +2.623781     +0.003528     -0.003407     -0.010230
     +2.616670     +2.581473     +2.656889     -0.000867     +0.006528     +0.007027
     +2.599579     +2.572767     +2.646249     -0.009722     +0.003580     +0.020082
     +2.566193     +2.552052     +2.601472     -0.018863     -0.007439     +0.016139
     +2.535626     +2.531426     +2.569862     -0.011731     -0.005534     +0.009403
     +2.533627     +2.527997     +2.567691     -0.005638     +0.004866     +0.009635
     +2.558636     +2.545390     +2.582767     -0.013312     +0.001440     +0.012665
     +2.580892     +2.574091     +2.611719     -0.020023     -0.018966     +0.014804
     +2.577965     +2.574075     +2.619283     -0.014832     -0.015501     +0.011942
     +2.554655     +2.538337     +2.589209     -0.009502     +0.002996     +0.007774
     +2.521323     +2.504956     +2.552880     -0.003657     +0.000481     +0.000595
     +2.505439     +2.495850     +2.548942     -0.000334     -0.012974     -0.000192
     +2.532331     +2.527466     +2.579471     -0.008178     -0.008555     +0.002291
     +2.566197     +2.574287     +2.613309     -0.004221     +0.011222     +0.000106
     +2.593196     +2.614101     +2.646288     +0.007632     +0.017735     +0.000118
     +2.604288     +2.620495     +2.650509     +0.013065     +0.001078     +0.002906
     +2.580049     +2.586845     +2.606439     +0.011227     -0.013715     -0.002559
     +2.541339     +2.546834     +2.570369     +0.011111     -0.005510     -0.001745
     +2.534978     +2.546725     +2.573881     +0.010279     +0.006391     +0.000979
     +2.547810     +2.566558     +2.599152     +0.014738     +0.007601     -0.007681
     +2.565116     +2.590432     +2.628200     +0.024951     -0.002763     -0.018246
     +2.567078     +2.584787     +2.631688     +0.014292     -0.004217     -0.011503
     +2.541516     +2.553784     +2.597122     +0.003948     +0.011889     +0.000184
     +2.496083     +2.514583     +2.545086     +0.008385     +0.009212     +0.000926
     +2.494890     +2.508730     +2.537192     +0.007928     -0.005053     +0.004413
     +2.512419     +2.514415     +2.547325     +0.006435     -0.001353     -0.003337
     +2.554626     +2.540664     +2.579609     +0.010354     +0.006556     -0.012361
     +2.588216     +2.571044     +2.616691     +0.003485     -0.000640     -0.006238
     +2.595293     +2.588551     +2.632449     +0.001546     -0.006776     -0.004231
     +2.577845     +2.579006     +2.616193     +0.003698     -0.002528     -0.010666
     +2.566626     +2.557940     +2.608671     -0.001470     -0.001714     -0.003244
     +2.563057     +2.551513     +2.612304     -0.006607     -0.004431     +0.011171
     +2.569122     +2.559345     +2.613700     -0.013527     -0.006916     +0.010927
     +2.581914     +2.578665     +2.625390     -0.017054     -0.007276     +0.004418
     +2.583882     +2.585677     +2.636042     -0.012188     +0.003604     +0.001932
     +2.571678     +2.566900     +2.609221     -0.006831     +0.011954     +0.004800
     +2.540424     +2.526112     +2.564424     -0.010190     +0.003876     +0.010896
     +2.507748     +2.502060     +2.540330     -0.014914     -0.013550     +0.015973
     +2.499681     +2.506021     +2.537221     -0.009906     -0.005935     +0.014802
     +2.525511     +2.534341     +2.561187     -0.007605     +0.011918     +0.010664
     +2.541815     +2.563429     +2.588131     -0.008086     -0.000955     +0.006784
     +2.554729     +2.577530     +2.605304     -0.001179     -0.012261     -0.001296
     +2.559046     +2.573960     +2.606382     -0.004370     +0.000672     -0.011567
     +2.538216     +2.549801     +2.596590     -0.002167     +0.012753     -0.007813
     +2.527433     +2.545285     +2.587078     +0.004394     +0.010002     +0.004834
     +2.553683     +2.564339     +2.598836     +0.004572     +0.003275     +0.008767
     +2.590433     +2.586744     +2.630997     -0.000579     -0.003002     +0.006766
     +2.617984     +2.617124     +2.662968     +0.002586     -0.002098     +0.002186
     +2.630988     +2.634009     +2.661458     +0.009901     +0.007542     -0.005472
     +2.602626     +2.607206     +2.637568     +0.009064     +0.003465     -0.016920
     +2.554634     +2.563207     +2.598527     +0.013532     -0.009854     -0.015257
     +2.515526     +2.512618     +2.551989     +0.015738     -0.010137     -0.010343
     +2.509876     +2.487808     +2.537974     +0.009186     +0.002488     -0.003977
     +2.522821     +2.504620     +2.568406     +0.004640     +0.003680     +0.006553
     +2.555550     +2.545540     +2.604059     +0.006667     -0.010138     +0.011793
     +2.574904     +2.559071     +2.610754     +0.005320     +0.003022     -0.002380
     +2.571184     +2.551066     +2.606100     +0.001549     +0.017216     -0.014598
     +2.537252     +2.527690     +2.569682     +0.000427     -0.001394     -0.006147
     +2.528769     +2.524867     +2.554845     -0.004834     -0.010301     +0.000648
     +2.540870     +2.537346     +2.570782     -0.007047     -0.005066     +0.001638
     +2.584817     +2.581253     +2.627791     -0.004021     -0.001779     +0.005989
     +2.636011     +2.616587     +2.672077     -0.005791     -0.005628     +0.014223
     +2.644341     +2.618010     +2.686444     -0.015832     -0.013378     +0.011460
     +2.591663     +2.585337     +2.653659     -0.014976     -0.010844     -0.001497
     +2.543477     +2.553863     +2.600720     -0.010961     +0.003365     -0.005840
     +2.526546     +2.534001     +2.575625     -0.013697     +0.012157     -0.002952
     +2.529101     +2.540144     +2.578951     -0.009974     +0.002825     +0.004649
     +2.558919     +2.580590     +2.605922     -0.008662     -0.008820     +0.015258
     +2.577535     +2.599205     +2.617907     -0.013410     +0.003717     +0.018994
