0.000000000000000000e+00 2.951040105124149800e+56
1.000000000000000000e+00 3.109118779443494454e+56
2.000000000000000000e+00 3.254913008686235116e+56
3.000000000000000000e+00 3.382063583539068127e+56
4.000000000000000000e+00 3.485656202167188965e+56
5.000000000000000000e+00 3.563020415526829492e+56
6.000000000000000000e+00 3.613951529575719385e+56
7.000000000000000000e+00 3.640350162326871816e+56
8.000000000000000000e+00 3.645518005531586975e+56
9.000000000000000000e+00 3.633408009102404440e+56
1.000000000000000000e+01 3.608031703603649506e+56
1.100000000000000000e+01 3.573089727301920218e+56
1.200000000000000000e+01 3.531793562363454498e+56
1.300000000000000000e+01 3.486810944348637420e+56
1.400000000000000000e+01 3.440278203026871425e+56
1.500000000000000000e+01 3.393845891287651735e+56
1.600000000000000000e+01 3.348740344453645416e+56
1.700000000000000000e+01 3.305833718017683769e+56
1.800000000000000000e+01 3.265718799400339170e+56
1.900000000000000000e+01 3.228781880525975259e+56
2.000000000000000000e+01 3.195262563879762530e+56
2.100000000000000000e+01 3.165287944455332639e+56
2.200000000000000000e+01 3.138873323436511746e+56
2.300000000000000000e+01 3.115897515383965002e+56
2.400000000000000000e+01 3.096082263853044492e+56
2.500000000000000000e+01 3.079012469981652949e+56
2.600000000000000000e+01 3.064214267570843799e+56
2.700000000000000000e+01 3.051270435480202199e+56
2.800000000000000000e+01 3.039921457635831420e+56
2.900000000000000000e+01 3.030101254906274058e+56
3.000000000000000000e+01 3.021894331419973529e+56
3.100000000000000000e+01 3.015447569017837996e+56
3.200000000000000000e+01 3.010888642057498721e+56
3.300000000000000000e+01 3.008285261187246888e+56
3.400000000000000000e+01 3.007644197787161178e+56
3.500000000000000000e+01 3.008920590729580971e+56
3.600000000000000000e+01 3.012002082642514848e+56
3.700000000000000000e+01 3.016648670476613767e+56
3.800000000000000000e+01 3.022394637052604687e+56
3.900000000000000000e+01 3.028444775697925133e+56
4.000000000000000000e+01 3.033622488776977778e+56
4.100000000000000000e+01 3.036440854147452861e+56
4.200000000000000000e+01 3.035344194672106014e+56
4.300000000000000000e+01 3.029093960868562796e+56
4.400000000000000000e+01 3.017175321757723129e+56
4.500000000000000000e+01 3.000046526453348001e+56
4.600000000000000000e+01 2.979102991944818689e+56
4.700000000000000000e+01 2.956367057715918763e+56
4.800000000000000000e+01 2.934044725236440593e+56
4.900000000000000000e+01 2.914124160851614426e+56
5.000000000000000000e+01 2.898129011905634899e+56
5.100000000000000000e+01 2.887049137401474142e+56
5.200000000000000000e+01 2.881407877309671616e+56
5.300000000000000000e+01 2.881400568108419355e+56
5.400000000000000000e+01 2.887040221159679452e+56
5.500000000000000000e+01 2.898261507161398171e+56
5.600000000000000000e+01 2.914961296375706983e+56
5.700000000000000000e+01 2.936988169819653184e+56
5.800000000000000000e+01 2.964118711611479874e+56
5.900000000000000000e+01 2.996059655129811954e+56
6.000000000000000000e+01 3.032492687537532614e+56
6.100000000000000000e+01 3.073149259778431045e+56
6.200000000000000000e+01 3.117885416424398966e+56
6.300000000000000000e+01 3.166729774682613858e+56
6.400000000000000000e+01 3.219893153337051935e+56
6.500000000000000000e+01 3.277741813624855031e+56
6.600000000000000000e+01 3.340742981054293962e+56
6.700000000000000000e+01 3.409394901110705265e+56
6.800000000000000000e+01 3.484155553992988536e+56
6.900000000000000000e+01 3.565383127977243134e+56
7.000000000000000000e+01 3.653298782274640943e+56
7.100000000000000000e+01 3.747979960685852289e+56
7.200000000000000000e+01 3.849389701902727647e+56
7.300000000000000000e+01 3.957442285873593132e+56
7.400000000000000000e+01 4.072097853310024770e+56
7.500000000000000000e+01 4.193470850002448506e+56
7.600000000000000000e+01 4.321933262410122199e+56
7.700000000000000000e+01 4.458193684858667920e+56
7.800000000000000000e+01 4.603334571351869367e+56
7.900000000000000000e+01 4.758795903482614061e+56
8.000000000000000000e+01 4.926309450076291214e+56
8.100000000000000000e+01 5.107807066035573143e+56
8.200000000000000000e+01 5.305334344527883632e+56
8.300000000000000000e+01 5.520993278621179581e+56
8.400000000000000000e+01 5.756922761517320907e+56
8.500000000000000000e+01 6.015312185580514313e+56
8.600000000000000000e+01 6.298434287334724865e+56
8.700000000000000000e+01 6.608678105380897810e+56
8.800000000000000000e+01 6.948559841840554245e+56
8.900000000000000000e+01 7.320690124471699459e+56
9.000000000000000000e+01 7.727683363643982092e+56
9.100000000000000000e+01 8.172006406649530884e+56
9.200000000000000000e+01 8.655776737724351663e+56
9.300000000000000000e+01 9.180537875680316228e+56
9.400000000000000000e+01 9.747062473640681492e+56
9.500000000000000000e+01 1.035525437544942857e+57
9.600000000000000000e+01 1.100422800453322629e+57
9.700000000000000000e+01 1.169262508784749457e+57
9.800000000000000000e+01 1.241917451487222470e+57
9.900000000000000000e+01 1.318340606644262893e+57
1.000000000000000000e+02 1.398629708540341284e+57
1.010000000000000000e+02 1.483050882490673391e+57
1.020000000000000000e+02 1.571988134062717995e+57
1.030000000000000000e+02 1.665811677530521867e+57
1.040000000000000000e+02 1.764700275136087962e+57
1.050000000000000000e+02 1.868481868566046203e+57
1.060000000000000000e+02 1.976549961980455453e+57
1.070000000000000000e+02 2.087874572977040497e+57
1.080000000000000000e+02 2.201080578106645525e+57
1.090000000000000000e+02 2.314536643295637577e+57
1.100000000000000000e+02 2.426391450285810914e+57
1.110000000000000000e+02 2.534506428543372496e+57
1.120000000000000000e+02 2.636273321261345656e+57
1.130000000000000000e+02 2.728384559689484617e+57
1.140000000000000000e+02 2.806719585378647361e+57
1.150000000000000000e+02 2.866544016829422621e+57
1.160000000000000000e+02 2.903122214632138972e+57
1.170000000000000000e+02 2.912631460447372492e+57
1.180000000000000000e+02 2.893057705911376707e+57
1.190000000000000000e+02 2.844710406771141001e+57
1.200000000000000000e+02 2.770173592369947998e+57
1.210000000000000000e+02 2.673777969125018448e+57
1.220000000000000000e+02 2.560839521467879015e+57
1.230000000000000000e+02 2.436904939617320651e+57
1.240000000000000000e+02 2.307153831937448705e+57
1.250000000000000000e+02 2.176015296284339761e+57
1.260000000000000000e+02 2.046990507994054255e+57
1.270000000000000000e+02 1.922637687968882253e+57
1.280000000000000000e+02 1.804666891462530037e+57
1.290000000000000000e+02 1.694096662977550899e+57
1.300000000000000000e+02 1.591431975971765405e+57
1.310000000000000000e+02 1.496830268787344932e+57
1.320000000000000000e+02 1.410231428153200938e+57
1.330000000000000000e+02 1.331440772795296790e+57
1.340000000000000000e+02 1.260170110391045544e+57
1.350000000000000000e+02 1.196053583943775783e+57
1.360000000000000000e+02 1.138656572059455841e+57
1.370000000000000000e+02 1.087489538967856026e+57
1.380000000000000000e+02 1.042030665057776012e+57
1.390000000000000000e+02 1.001755239713943506e+57
1.400000000000000000e+02 9.661666113936307863e+56
1.410000000000000000e+02 9.348220791414898562e+56
1.420000000000000000e+02 9.073474916635341795e+56
1.430000000000000000e+02 8.834374096643047620e+56
1.440000000000000000e+02 8.628426605259492547e+56
1.450000000000000000e+02 8.453507993289652078e+56
1.460000000000000000e+02 8.307653386452439439e+56
1.470000000000000000e+02 8.188877165959277611e+56
1.480000000000000000e+02 8.095040157785507227e+56
1.490000000000000000e+02 8.023776961614755111e+56
1.500000000000000000e+02 7.972501733071380504e+56
1.510000000000000000e+02 7.938517677576985419e+56
1.520000000000000000e+02 7.919243997901668067e+56
1.530000000000000000e+02 7.912532203716213724e+56
1.540000000000000000e+02 7.916981155372320038e+56
1.550000000000000000e+02 7.932115820705146638e+56
1.560000000000000000e+02 7.958319746805332670e+56
1.570000000000000000e+02 7.996513379735659977e+56
1.580000000000000000e+02 8.047685149052922990e+56
1.590000000000000000e+02 8.112435192703751665e+56
1.600000000000000000e+02 8.190671670468244428e+56
1.610000000000000000e+02 8.281543897125676613e+56
1.620000000000000000e+02 8.383631391928753117e+56
1.630000000000000000e+02 8.495333709663455780e+56
1.640000000000000000e+02 8.615326431914192950e+56
1.650000000000000000e+02 8.742901548328497206e+56
1.660000000000000000e+02 8.878050683417708728e+56
1.670000000000000000e+02 9.021278844674124105e+56
1.680000000000000000e+02 9.173269772299911515e+56
1.690000000000000000e+02 9.334568310443412025e+56
1.700000000000000000e+02 9.505389336654057407e+56
1.710000000000000000e+02 9.685567421104449945e+56
1.720000000000000000e+02 9.874596445088588229e+56
1.730000000000000000e+02 1.007171022418312217e+57
1.740000000000000000e+02 1.027600379722983921e+57
1.750000000000000000e+02 1.048663153417421842e+57
1.760000000000000000e+02 1.070310301880684683e+57
1.770000000000000000e+02 1.092563757821434973e+57
1.780000000000000000e+02 1.115547106705040686e+57
1.790000000000000000e+02 1.139499125732079201e+57
1.800000000000000000e+02 1.164764795363554750e+57
1.810000000000000000e+02 1.191769493527082010e+57
1.820000000000000000e+02 1.220987644000055347e+57
1.830000000000000000e+02 1.252913217659550755e+57
1.840000000000000000e+02 1.288030412157849930e+57
1.850000000000000000e+02 1.326774961681027044e+57
1.860000000000000000e+02 1.369475115620364040e+57
1.870000000000000000e+02 1.416268683643266943e+57
1.880000000000000000e+02 1.467005989237013914e+57
1.890000000000000000e+02 1.521163564357617946e+57
1.900000000000000000e+02 1.577807205808515609e+57
1.910000000000000000e+02 1.635650187921108121e+57
1.920000000000000000e+02 1.693239940670091686e+57
1.930000000000000000e+02 1.749261599584979391e+57
1.940000000000000000e+02 1.802877461850123372e+57
1.950000000000000000e+02 1.853969898090012881e+57
1.960000000000000000e+02 1.903175005500262459e+57
1.970000000000000000e+02 1.951691304830921653e+57
1.980000000000000000e+02 2.000956164848757122e+57
1.990000000000000000e+02 2.052322964635358689e+57
2.000000000000000000e+02 2.106827627856066183e+57
2.010000000000000000e+02 2.165054042359147500e+57
2.020000000000000000e+02 2.227056663814017833e+57
2.030000000000000000e+02 2.292305098990840450e+57
2.040000000000000000e+02 2.359663107210662845e+57
2.050000000000000000e+02 2.427456064211727929e+57
2.060000000000000000e+02 2.493674806569646753e+57
2.070000000000000000e+02 2.556304644163945629e+57
2.080000000000000000e+02 2.613693550730912296e+57
2.090000000000000000e+02 2.664840274859071228e+57
2.100000000000000000e+02 2.709519496743352701e+57
2.110000000000000000e+02 2.748234721551138034e+57
2.120000000000000000e+02 2.782045666315515501e+57
2.130000000000000000e+02 2.812339630327256451e+57
2.140000000000000000e+02 2.840621376357293515e+57
2.150000000000000000e+02 2.868385193703650754e+57
2.160000000000000000e+02 2.897095528813080461e+57
2.170000000000000000e+02 2.928245092242394141e+57
2.180000000000000000e+02 2.963408572027035487e+57
2.190000000000000000e+02 3.004200097189425262e+57
2.200000000000000000e+02 3.052092032057083223e+57
2.210000000000000000e+02 3.108137228328369780e+57
2.220000000000000000e+02 3.172700366161847585e+57
2.230000000000000000e+02 3.245311590662881223e+57
2.240000000000000000e+02 3.324718942732625413e+57
2.250000000000000000e+02 3.409163414679562396e+57
2.260000000000000000e+02 3.496842621360027299e+57
2.270000000000000000e+02 3.586462100978753699e+57
2.280000000000000000e+02 3.677710995406686235e+57
2.290000000000000000e+02 3.771489509754399399e+57
2.300000000000000000e+02 3.869795173192317055e+57
2.310000000000000000e+02 3.975303399129449724e+57
2.320000000000000000e+02 4.090766488492923807e+57
2.330000000000000000e+02 4.218364291192462780e+57
2.340000000000000000e+02 4.359104892878229750e+57
2.350000000000000000e+02 4.512343268254966294e+57
2.360000000000000000e+02 4.675477346780247382e+57
2.370000000000000000e+02 4.843888315965501709e+57
2.380000000000000000e+02 5.011196154705613265e+57
2.390000000000000000e+02 5.169872642629274476e+57
2.400000000000000000e+02 5.312166565826062901e+57
2.410000000000000000e+02 5.431163939156027132e+57
2.420000000000000000e+02 5.521712259631048524e+57
2.430000000000000000e+02 5.580974740368438616e+57
2.440000000000000000e+02 5.608531820017888494e+57
2.450000000000000000e+02 5.606093310461156564e+57
2.460000000000000000e+02 5.576957108998252762e+57
2.470000000000000000e+02 5.525383089202607578e+57
2.480000000000000000e+02 5.456062319658013452e+57
2.490000000000000000e+02 5.373815929673760030e+57
2.500000000000000000e+02 5.283548545932151941e+57
2.510000000000000000e+02 5.190358986885183298e+57
2.520000000000000000e+02 5.099639498672768197e+57
2.530000000000000000e+02 5.017020689582583610e+57
2.540000000000000000e+02 4.948132639739367720e+57
2.550000000000000000e+02 4.898268179796595292e+57
2.560000000000000000e+02 4.872067339091396755e+57
2.570000000000000000e+02 4.873292673842104214e+57
2.580000000000000000e+02 4.904694896124187264e+57
2.590000000000000000e+02 4.967926532043069058e+57
2.600000000000000000e+02 5.063460111460986222e+57
2.610000000000000000e+02 5.190491828287620763e+57
2.620000000000000000e+02 5.346835909462392675e+57
2.630000000000000000e+02 5.528820197733710008e+57
2.640000000000000000e+02 5.731181615638730289e+57
2.650000000000000000e+02 5.946954958556770739e+57
2.660000000000000000e+02 6.167377964922752605e+57
2.670000000000000000e+02 6.381899166448638059e+57
2.680000000000000000e+02 6.578430596567190402e+57
2.690000000000000000e+02 6.743983797224136396e+57
2.700000000000000000e+02 6.865738396117892634e+57
2.710000000000000000e+02 6.932432198278576880e+57
2.720000000000000000e+02 6.935806852542172062e+57
2.730000000000000000e+02 6.871794188741072042e+57
2.740000000000000000e+02 6.741188976020358776e+57
2.750000000000000000e+02 6.549636954515869836e+57
2.760000000000000000e+02 6.306867773056234894e+57
2.770000000000000000e+02 6.025296773600252333e+57
2.780000000000000000e+02 5.718349183008512138e+57
2.790000000000000000e+02 5.398937402131224148e+57
2.800000000000000000e+02 5.078383367994809795e+57
2.810000000000000000e+02 4.765852991547797942e+57
2.820000000000000000e+02 4.468204558608229004e+57
2.830000000000000000e+02 4.190096783080329775e+57
2.840000000000000000e+02 3.934231724378174767e+57
2.850000000000000000e+02 3.701669185695844497e+57
2.860000000000000000e+02 3.492188915166416723e+57
2.870000000000000000e+02 3.304675032697775899e+57
2.880000000000000000e+02 3.137474620734718865e+57
2.890000000000000000e+02 2.988675128876618028e+57
2.900000000000000000e+02 2.856271246254958380e+57
2.910000000000000000e+02 2.738237176156315669e+57
2.920000000000000000e+02 2.632553469089201238e+57
2.930000000000000000e+02 2.537239665977086846e+57
2.940000000000000000e+02 2.450420457363604843e+57
2.950000000000000000e+02 2.370422596789826692e+57
2.960000000000000000e+02 2.295879007187701954e+57
2.970000000000000000e+02 2.225810275646928001e+57
2.980000000000000000e+02 2.159656027707109500e+57
2.990000000000000000e+02 2.097236547978958385e+57
3.000000000000000000e+02 2.038644366112336810e+57
3.010000000000000000e+02 1.984094240481272242e+57
3.020000000000000000e+02 1.933779272613307058e+57
3.030000000000000000e+02 1.887775719746778815e+57
3.040000000000000000e+02 1.846015258084151218e+57
3.050000000000000000e+02 1.808317840712567801e+57
3.060000000000000000e+02 1.774462132355660842e+57
3.070000000000000000e+02 1.744264758568549938e+57
3.080000000000000000e+02 1.717640325477995000e+57
3.090000000000000000e+02 1.694620924651949949e+57
3.100000000000000000e+02 1.675330109184411290e+57
3.110000000000000000e+02 1.659928420682202203e+57
3.120000000000000000e+02 1.648561002551795810e+57
3.130000000000000000e+02 1.641331553228168325e+57
3.140000000000000000e+02 1.638305379090963131e+57
3.150000000000000000e+02 1.639523401670638196e+57
3.160000000000000000e+02 1.645003496865922611e+57
3.170000000000000000e+02 1.654718859324115314e+57
3.180000000000000000e+02 1.668563676680025719e+57
3.190000000000000000e+02 1.686327404252306650e+57
3.200000000000000000e+02 1.707693073707403402e+57
3.210000000000000000e+02 1.732259188804589633e+57
3.220000000000000000e+02 1.759572897161766406e+57
3.230000000000000000e+02 1.789164959958219339e+57
3.240000000000000000e+02 1.820592073851653052e+57
3.250000000000000000e+02 1.853503519435098225e+57
3.260000000000000000e+02 1.887741543074929050e+57
3.270000000000000000e+02 1.923456443220370500e+57
3.280000000000000000e+02 1.961182232853530131e+57
3.290000000000000000e+02 2.001803648489470784e+57
3.300000000000000000e+02 2.046372741869936862e+57
3.310000000000000000e+02 2.095795022564332611e+57
3.320000000000000000e+02 2.150462850396890815e+57
3.330000000000000000e+02 2.209938214985404946e+57
3.340000000000000000e+02 2.272781566682664736e+57
3.350000000000000000e+02 2.336601319369733448e+57
3.360000000000000000e+02 2.398355291921904333e+57
3.370000000000000000e+02 2.454858776321020967e+57
3.380000000000000000e+02 2.503362440897007220e+57
3.390000000000000000e+02 2.542015127053933550e+57
3.400000000000000000e+02 2.570067566122370020e+57
3.410000000000000000e+02 2.587776760603758511e+57
3.420000000000000000e+02 2.596066282109563635e+57
3.430000000000000000e+02 2.596053940552547183e+57
3.440000000000000000e+02 2.588592907821941597e+57
3.450000000000000000e+02 2.573984764544366119e+57
3.460000000000000000e+02 2.551978483670298155e+57
3.470000000000000000e+02 2.522056389405748812e+57
3.480000000000000000e+02 2.483874796861133646e+57
3.490000000000000000e+02 2.437656160618622736e+57
3.500000000000000000e+02 2.384372590617408214e+57
3.510000000000000000e+02 2.325682703830462895e+57
3.520000000000000000e+02 2.263692087595506649e+57
3.530000000000000000e+02 2.200645456055493468e+57
3.540000000000000000e+02 2.138642723129173638e+57
3.550000000000000000e+02 2.079438961966626837e+57
3.560000000000000000e+02 2.024353698981479519e+57
3.570000000000000000e+02 1.974280740563663900e+57
3.580000000000000000e+02 1.929763164192376460e+57
3.590000000000000000e+02 1.891087913763712556e+57
3.600000000000000000e+02 1.858363223299579923e+57
3.610000000000000000e+02 1.831562709508383430e+57
3.620000000000000000e+02 1.810539325855333262e+57
3.630000000000000000e+02 1.795022787386609629e+57
3.640000000000000000e+02 1.784617065988278123e+57
3.650000000000000000e+02 1.778812769692751127e+57
3.660000000000000000e+02 1.777022197511598849e+57
3.670000000000000000e+02 1.778632762982693041e+57
3.680000000000000000e+02 1.783061358473406750e+57
3.690000000000000000e+02 1.789786565697748897e+57
3.700000000000000000e+02 1.798345047593629626e+57
3.710000000000000000e+02 1.808298949085161430e+57
3.720000000000000000e+02 1.819197212034408791e+57
3.730000000000000000e+02 1.830554462790742118e+57
3.740000000000000000e+02 1.841859072965946561e+57
3.750000000000000000e+02 1.852606351916431419e+57
3.760000000000000000e+02 1.862342778712092588e+57
3.770000000000000000e+02 1.870707253662643108e+57
3.780000000000000000e+02 1.877460969784701492e+57
3.790000000000000000e+02 1.882501798681652202e+57
3.800000000000000000e+02 1.885862827733872042e+57
3.810000000000000000e+02 1.887699858923463366e+57
3.820000000000000000e+02 1.888274789452003551e+57
3.830000000000000000e+02 1.887938447328360587e+57
3.840000000000000000e+02 1.887111783374274137e+57
3.850000000000000000e+02 1.886260853755471832e+57
3.860000000000000000e+02 1.885859734503017000e+57
3.870000000000000000e+02 1.886339937402725106e+57
3.880000000000000000e+02 1.888034045285395592e+57
3.890000000000000000e+02 1.891127252471821595e+57
3.900000000000000000e+02 1.895629411283861533e+57
3.910000000000000000e+02 1.901375389448866946e+57
3.920000000000000000e+02 1.908056196241068811e+57
3.930000000000000000e+02 1.915278399349294190e+57
3.940000000000000000e+02 1.922644811641742457e+57
3.950000000000000000e+02 1.929844049047851743e+57
3.960000000000000000e+02 1.936731365954237575e+57
3.970000000000000000e+02 1.943381692693279164e+57
3.980000000000000000e+02 1.950098037676099102e+57
3.990000000000000000e+02 1.957363983518144278e+57
4.000000000000000000e+02 1.965743731205275031e+57
4.010000000000000000e+02 1.975757585286926020e+57
4.020000000000000000e+02 1.987778128553685485e+57
4.030000000000000000e+02 2.001983864274756852e+57
4.040000000000000000e+02 2.018374780449093748e+57
4.050000000000000000e+02 2.036820392612203090e+57
4.060000000000000000e+02 2.057100297682882615e+57
4.070000000000000000e+02 2.078918547587053485e+57
4.080000000000000000e+02 2.101908452471752850e+57
4.090000000000000000e+02 2.125662827139801571e+57
4.100000000000000000e+02 2.149809231487478468e+57
4.110000000000000000e+02 2.174110395366860594e+57
4.120000000000000000e+02 2.198536240313982686e+57
4.130000000000000000e+02 2.223256233013652130e+57
4.140000000000000000e+02 2.248544749157504445e+57
4.150000000000000000e+02 2.274646455017674415e+57
4.160000000000000000e+02 2.301672768824613204e+57
4.170000000000000000e+02 2.329582281312259575e+57
4.180000000000000000e+02 2.358257093599398740e+57
4.190000000000000000e+02 2.387649399137878219e+57
4.200000000000000000e+02 2.417951497628756373e+57
4.210000000000000000e+02 2.449735418474744071e+57
4.220000000000000000e+02 2.484010776846313628e+57
4.230000000000000000e+02 2.522168307899231527e+57
4.240000000000000000e+02 2.565817571675024973e+57
4.250000000000000000e+02 2.616571548907350278e+57
4.260000000000000000e+02 2.675845815977942882e+57
4.270000000000000000e+02 2.744716674015915320e+57
4.280000000000000000e+02 2.823844266176582518e+57
4.290000000000000000e+02 2.913443272830751189e+57
4.300000000000000000e+02 3.013287708294099617e+57
4.310000000000000000e+02 3.122757691489551457e+57
4.320000000000000000e+02 3.240951265863827021e+57
4.330000000000000000e+02 3.366871627529051821e+57
4.340000000000000000e+02 3.499655426822215923e+57
4.350000000000000000e+02 3.638755569740516619e+57
4.360000000000000000e+02 3.783977422567103492e+57
4.370000000000000000e+02 3.935318477307653262e+57
4.380000000000000000e+02 4.092652620995152875e+57
4.390000000000000000e+02 4.255372810711700038e+57
4.400000000000000000e+02 4.422127757640129802e+57
4.410000000000000000e+02 4.590768281883007472e+57
4.420000000000000000e+02 4.758572159799716606e+57
4.430000000000000000e+02 4.922739438106527350e+57
4.440000000000000000e+02 5.081040360247279957e+57
4.450000000000000000e+02 5.232392381408495777e+57
4.460000000000000000e+02 5.377128077569285980e+57
4.470000000000000000e+02 5.516850702627601962e+57
4.480000000000000000e+02 5.653987467061208554e+57
4.490000000000000000e+02 5.791279004515857154e+57
4.500000000000000000e+02 5.931394326298076641e+57
4.510000000000000000e+02 6.076692364003747692e+57
4.520000000000000000e+02 6.229005276769956287e+57
4.530000000000000000e+02 6.389314469009422871e+57
4.540000000000000000e+02 6.557343890683105605e+57
4.550000000000000000e+02 6.731287234402818170e+57
4.560000000000000000e+02 6.907939877260260776e+57
4.570000000000000000e+02 7.083339991003963750e+57
4.580000000000000000e+02 7.253727378573583085e+57
4.590000000000000000e+02 7.416411911911071952e+57
4.600000000000000000e+02 7.570170608484297508e+57
4.610000000000000000e+02 7.715034256003101618e+57
4.620000000000000000e+02 7.851594690967431788e+57
4.630000000000000000e+02 7.980124980176322083e+57
4.640000000000000000e+02 8.099863700651174274e+57
4.650000000000000000e+02 8.208801895263143340e+57
4.660000000000000000e+02 8.304186571837589405e+57
4.670000000000000000e+02 8.383680069712834223e+57
4.680000000000000000e+02 8.446769123947902762e+57
4.690000000000000000e+02 8.495811913020611711e+57
4.700000000000000000e+02 8.536246061430699591e+57
4.710000000000000000e+02 8.575915099532640311e+57
4.720000000000000000e+02 8.623893773201088154e+57
4.730000000000000000e+02 8.689315779548405993e+57
4.740000000000000000e+02 8.780530191388103669e+57
4.750000000000000000e+02 8.904642727390904656e+57
4.760000000000000000e+02 9.067319891765848193e+57
4.770000000000000000e+02 9.272705925495147937e+57
4.780000000000000000e+02 9.523379118971565971e+57
4.790000000000000000e+02 9.820368452972784577e+57
4.800000000000000000e+02 1.016330121273382153e+58
4.810000000000000000e+02 1.055074724200499629e+58
4.820000000000000000e+02 1.098078517790382401e+58
4.830000000000000000e+02 1.145175461823660191e+58
4.840000000000000000e+02 1.196307556917081418e+58
4.850000000000000000e+02 1.251592775174690678e+58
4.860000000000000000e+02 1.311355248539810867e+58
4.870000000000000000e+02 1.376103489747460943e+58
4.880000000000000000e+02 1.446460689025533500e+58
4.890000000000000000e+02 1.523066112949569969e+58
4.900000000000000000e+02 1.606472085629585798e+58
4.910000000000000000e+02 1.697060055807667102e+58
4.920000000000000000e+02 1.794994255932446874e+58
4.930000000000000000e+02 1.900219900902750026e+58
4.940000000000000000e+02 2.012493120740344853e+58
4.950000000000000000e+02 2.131407299441326478e+58
4.960000000000000000e+02 2.256368244345880823e+58
4.970000000000000000e+02 2.386479699217292243e+58
4.980000000000000000e+02 2.520328761144594015e+58
4.990000000000000000e+02 2.655699355426995589e+58
5.000000000000000000e+02 2.789291043009660604e+58
5.010000000000000000e+02 2.916575288537901682e+58
5.020000000000000000e+02 3.031947861358006224e+58
5.030000000000000000e+02 3.129283209121025840e+58
5.040000000000000000e+02 3.202845392015981586e+58
5.050000000000000000e+02 3.248320094352842861e+58
5.060000000000000000e+02 3.263632620624350917e+58
5.070000000000000000e+02 3.249299122309579038e+58
5.080000000000000000e+02 3.208260283508808302e+58
5.090000000000000000e+02 3.145310251072072493e+58
5.100000000000000000e+02 3.066285781302720569e+58
5.110000000000000000e+02 2.977171559908531497e+58
5.120000000000000000e+02 2.883259683373836667e+58
5.130000000000000000e+02 2.788478918873838974e+58
5.140000000000000000e+02 2.694987785235310463e+58
5.150000000000000000e+02 2.603111548743257860e+58
5.160000000000000000e+02 2.511669356552265744e+58
5.170000000000000000e+02 2.418646009017961276e+58
5.180000000000000000e+02 2.322028726786141892e+58
5.190000000000000000e+02 2.220538432174136393e+58
5.200000000000000000e+02 2.114025800489205665e+58
5.210000000000000000e+02 2.003465956992925373e+58
5.220000000000000000e+02 1.890656993703440871e+58
5.230000000000000000e+02 1.777799375073842467e+58
5.240000000000000000e+02 1.667102295547520342e+58
5.250000000000000000e+02 1.560493452266053867e+58
5.260000000000000000e+02 1.459450342913991463e+58
5.270000000000000000e+02 1.364938151842874643e+58
5.280000000000000000e+02 1.277428577822680896e+58
5.290000000000000000e+02 1.196975755352622587e+58
5.300000000000000000e+02 1.123328037421126045e+58
5.310000000000000000e+02 1.056052368811617316e+58
5.320000000000000000e+02 9.946449940403103427e+57
5.330000000000000000e+02 9.386061312651884250e+57
5.340000000000000000e+02 8.874701904191456318e+57
5.350000000000000000e+02 8.408006706736265219e+57
5.360000000000000000e+02 7.981696035819337100e+57
5.370000000000000000e+02 7.591412500130851252e+57
5.380000000000000000e+02 7.232726978426892863e+57
5.390000000000000000e+02 6.901353427777131171e+57
5.400000000000000000e+02 6.593530842607282676e+57
5.410000000000000000e+02 6.306455855278971682e+57
5.420000000000000000e+02 6.038597557055490786e+57
5.430000000000000000e+02 5.789740709028778096e+57
5.440000000000000000e+02 5.560709728422756936e+57
5.450000000000000000e+02 5.352870066060876733e+57
5.460000000000000000e+02 5.167583691769347483e+57
5.470000000000000000e+02 5.005764275085987464e+57
5.480000000000000000e+02 4.867582573686579183e+57
5.490000000000000000e+02 4.752292600204346067e+57
5.500000000000000000e+02 4.658126358172566968e+57
5.510000000000000000e+02 4.582232420249088482e+57
5.520000000000000000e+02 4.520679031185416092e+57
5.530000000000000000e+02 4.468572563006712686e+57
5.540000000000000000e+02 4.420338432099759940e+57
5.550000000000000000e+02 4.370176839004526817e+57
5.560000000000000000e+02 4.312657727892889831e+57
5.570000000000000000e+02 4.243369775292493222e+57
5.580000000000000000e+02 4.159486454236518390e+57
5.590000000000000000e+02 4.060080542459953525e+57
5.600000000000000000e+02 3.946064609782361881e+57
5.610000000000000000e+02 3.819775766298906893e+57
5.620000000000000000e+02 3.684371341422742029e+57
5.630000000000000000e+02 3.543248462750382559e+57
5.640000000000000000e+02 3.399631643993274035e+57
5.650000000000000000e+02 3.256361966389904005e+57
5.660000000000000000e+02 3.115839823928238850e+57
5.670000000000000000e+02 2.980046238916382792e+57
5.680000000000000000e+02 2.850583952146615071e+57
5.690000000000000000e+02 2.728709133679243699e+57
5.700000000000000000e+02 2.615345377950130645e+57
5.710000000000000000e+02 2.511081821511386019e+57
5.720000000000000000e+02 2.416162623352644078e+57
5.730000000000000000e+02 2.330477105280137460e+57
5.740000000000000000e+02 2.253559116243759264e+57
5.750000000000000000e+02 2.184603275239697663e+57
5.760000000000000000e+02 2.122505280091215310e+57
5.770000000000000000e+02 2.065930980264289327e+57
5.780000000000000000e+02 2.013413007323669353e+57
5.790000000000000000e+02 1.963467062782224467e+57
5.800000000000000000e+02 1.914716255196263491e+57
5.810000000000000000e+02 1.866010465956309810e+57
5.820000000000000000e+02 1.816525203632151540e+57
5.830000000000000000e+02 1.765822968150181950e+57
5.840000000000000000e+02 1.713865431428968904e+57
5.850000000000000000e+02 1.660974503864039867e+57
5.860000000000000000e+02 1.607747579880148434e+57
5.870000000000000000e+02 1.554938155146627802e+57
5.880000000000000000e+02 1.503322265507634106e+57
5.890000000000000000e+02 1.453578597489009743e+57
5.900000000000000000e+02 1.406206413113776585e+57
5.910000000000000000e+02 1.361491649775491741e+57
5.920000000000000000e+02 1.319517251364711340e+57
5.930000000000000000e+02 1.280205558487217152e+57
5.940000000000000000e+02 1.243378136093936813e+57
5.950000000000000000e+02 1.208818738916025399e+57
5.960000000000000000e+02 1.176326963393806223e+57
5.970000000000000000e+02 1.145754121953284709e+57
5.980000000000000000e+02 1.117018283110673983e+57
5.990000000000000000e+02 1.090099709912410362e+57
6.000000000000000000e+02 1.065020277594378845e+57
6.010000000000000000e+02 1.041812421218041893e+57
6.020000000000000000e+02 1.020485035456068761e+57
6.030000000000000000e+02 1.000993770548818089e+57
6.040000000000000000e+02 9.832208398222728637e+56
6.050000000000000000e+02 9.669665797452279512e+56
6.060000000000000000e+02 9.519534193923111160e+56
6.070000000000000000e+02 9.378427852481186371e+56
6.080000000000000000e+02 9.242655171032270480e+56
6.090000000000000000e+02 9.108650879214950305e+56
6.100000000000000000e+02 8.973494683036059860e+56
6.110000000000000000e+02 8.835419024626929043e+56
6.120000000000000000e+02 8.694153216817366999e+56
6.130000000000000000e+02 8.550951673397430391e+56
6.140000000000000000e+02 8.408255618359373240e+56
6.150000000000000000e+02 8.269097600664029642e+56
6.160000000000000000e+02 8.136462299838435276e+56
6.170000000000000000e+02 8.012798986640338068e+56
6.180000000000000000e+02 7.899780282769247112e+56
6.190000000000000000e+02 7.798299256461789593e+56
6.200000000000000000e+02 7.708635501973941509e+56
6.210000000000000000e+02 7.630697257786258324e+56
6.220000000000000000e+02 7.564245724782690708e+56
6.230000000000000000e+02 7.509028312985443441e+56
6.240000000000000000e+02 7.464793404560214124e+56
6.250000000000000000e+02 7.431215269791130177e+56
6.260000000000000000e+02 7.407793591002110508e+56
6.270000000000000000e+02 7.393791681969642481e+56
6.280000000000000000e+02 7.388250337817896664e+56
6.290000000000000000e+02 7.390078332209451678e+56
6.300000000000000000e+02 7.398187627217030041e+56
6.310000000000000000e+02 7.411614979692167501e+56
6.320000000000000000e+02 7.429557436568165530e+56
6.330000000000000000e+02 7.451268049099094464e+56
6.340000000000000000e+02 7.475828490968126739e+56
6.350000000000000000e+02 7.501909436556979222e+56
6.360000000000000000e+02 7.527675427083268969e+56
6.370000000000000000e+02 7.550937448266369728e+56
6.380000000000000000e+02 7.569525443734381575e+56
6.390000000000000000e+02 7.581728788932613626e+56
6.400000000000000000e+02 7.586623155960483689e+56
6.410000000000000000e+02 7.584182956380839779e+56
6.420000000000000000e+02 7.575194576079576802e+56
6.430000000000000000e+02 7.561053964209303160e+56
6.440000000000000000e+02 7.543540686289729927e+56
6.450000000000000000e+02 7.524638720684390837e+56
6.460000000000000000e+02 7.506437038325513240e+56
6.470000000000000000e+02 7.491097015788025434e+56
6.480000000000000000e+02 7.480833928672865927e+56
6.490000000000000000e+02 7.477843318957612579e+56
6.500000000000000000e+02 7.484129816360279503e+56
6.510000000000000000e+02 7.501272869944694272e+56
6.520000000000000000e+02 7.530248031839004279e+56
6.530000000000000000e+02 7.571437925016340838e+56
6.540000000000000000e+02 7.624879167238718484e+56
6.550000000000000000e+02 7.690649512181715073e+56
6.560000000000000000e+02 7.769205287521564034e+56
6.570000000000000000e+02 7.861510147312554692e+56
6.580000000000000000e+02 7.968931718799870835e+56
6.590000000000000000e+02 8.093013508223570009e+56
6.600000000000000000e+02 8.235259945068069364e+56
6.610000000000000000e+02 8.397000813671395078e+56
6.620000000000000000e+02 8.579297287398575680e+56
6.630000000000000000e+02 8.782792908503790599e+56
6.640000000000000000e+02 9.007436131460481169e+56
6.650000000000000000e+02 9.252077570318165595e+56
6.660000000000000000e+02 9.514007718782659743e+56
6.670000000000000000e+02 9.788511845426435484e+56
6.680000000000000000e+02 1.006849692538395624e+57
6.690000000000000000e+02 1.034424036479582200e+57
6.700000000000000000e+02 1.060336554898598762e+57
6.710000000000000000e+02 1.083125438354490596e+57
6.720000000000000000e+02 1.101216557720581308e+57
6.730000000000000000e+02 1.113120785764344829e+57
6.740000000000000000e+02 1.117695507495391941e+57
6.750000000000000000e+02 1.114398771402879644e+57
6.760000000000000000e+02 1.103433360526327494e+57
6.770000000000000000e+02 1.085704242668442704e+57
6.780000000000000000e+02 1.062594942269008420e+57
6.790000000000000000e+02 1.035650611622472613e+57
6.800000000000000000e+02 1.006281554027110281e+57
6.810000000000000000e+02 9.755684018709976612e+56
6.820000000000000000e+02 9.441971196595793103e+56
6.830000000000000000e+02 9.125095485830047987e+56
6.840000000000000000e+02 8.806296826255100479e+56
6.850000000000000000e+02 8.486126429565410350e+56
6.860000000000000000e+02 8.165628424959484424e+56
6.870000000000000000e+02 7.846859628251903168e+56
6.880000000000000000e+02 7.532730766058056026e+56
6.890000000000000000e+02 7.226457740911370329e+56
6.900000000000000000e+02 6.930999196802843201e+56
6.910000000000000000e+02 6.648724613298619338e+56
6.920000000000000000e+02 6.381351301953150843e+56
6.930000000000000000e+02 6.130047528629539541e+56
6.940000000000000000e+02 5.895571113464024161e+56
6.950000000000000000e+02 5.678364289588927861e+56
6.960000000000000000e+02 5.478589018554041929e+56
6.970000000000000000e+02 5.296120504093561219e+56
6.980000000000000000e+02 5.130522620884094263e+56
6.990000000000000000e+02 4.981025172868317912e+56
7.000000000000000000e+02 4.846519202028510625e+56
7.010000000000000000e+02 4.725585976459626747e+56
7.020000000000000000e+02 4.616575722851154724e+56
7.030000000000000000e+02 4.517745887618453911e+56
7.040000000000000000e+02 4.427449008085978074e+56
7.050000000000000000e+02 4.344330862428493484e+56
7.060000000000000000e+02 4.267478413795132060e+56
7.070000000000000000e+02 4.196465765874113092e+56
7.080000000000000000e+02 4.131285613901031694e+56
7.090000000000000000e+02 4.072196211301298867e+56
7.100000000000000000e+02 4.019533557700579559e+56
7.110000000000000000e+02 3.973535749534848625e+56
7.120000000000000000e+02 3.934214881275883830e+56
7.130000000000000000e+02 3.901296463871934715e+56
7.140000000000000000e+02 3.874225382120023373e+56
7.150000000000000000e+02 3.852215388365922297e+56
7.160000000000000000e+02 3.834308851512979895e+56
7.170000000000000000e+02 3.819426095165502931e+56
7.180000000000000000e+02 3.806414030300654506e+56
7.190000000000000000e+02 3.794128143747496260e+56
7.200000000000000000e+02 3.781576138980443947e+56
7.210000000000000000e+02 3.768111551012401248e+56
7.220000000000000000e+02 3.753613053173719735e+56
7.230000000000000000e+02 3.738559297077155952e+56
7.240000000000000000e+02 3.723940221697712751e+56
7.250000000000000000e+02 3.711019695883797068e+56
7.260000000000000000e+02 3.701028185503128256e+56
7.270000000000000000e+02 3.694880067744174448e+56
7.280000000000000000e+02 3.692987161660956936e+56
7.290000000000000000e+02 3.695206332135959658e+56
7.300000000000000000e+02 3.700927002024822505e+56
7.310000000000000000e+02 3.709271068691969496e+56
7.320000000000000000e+02 3.719345562901959481e+56
7.330000000000000000e+02 3.730473406545972886e+56
7.340000000000000000e+02 3.742342633080663204e+56
7.350000000000000000e+02 3.755049075022901463e+56
7.360000000000000000e+02 3.769038481266687599e+56
7.370000000000000000e+02 3.784973690927389349e+56
7.380000000000000000e+02 3.803568706224899486e+56
7.390000000000000000e+02 3.825442641810566606e+56
7.400000000000000000e+02 3.851039924774014358e+56
7.410000000000000000e+02 3.880636213128476412e+56
7.420000000000000000e+02 3.914415862634073597e+56
7.430000000000000000e+02 3.952583838338681707e+56
7.440000000000000000e+02 3.995471398690845999e+56
7.450000000000000000e+02 4.043605370992609311e+56
7.460000000000000000e+02 4.097724951480632176e+56
7.470000000000000000e+02 4.158746421299992046e+56
7.480000000000000000e+02 4.227697671615168526e+56
7.490000000000000000e+02 4.305661203357542817e+56
7.500000000000000000e+02 4.393759514057251796e+56
7.510000000000000000e+02 4.493187770237064549e+56
7.520000000000000000e+02 4.605262526728079455e+56
7.530000000000000000e+02 4.731437412164068574e+56
7.540000000000000000e+02 4.873253186602932104e+56
7.550000000000000000e+02 5.032230300138969337e+56
7.560000000000000000e+02 5.209743929246843777e+56
7.570000000000000000e+02 5.406917796452939575e+56
7.580000000000000000e+02 5.624538810446541704e+56
7.590000000000000000e+02 5.862962000210510435e+56
7.600000000000000000e+02 6.121979649200335980e+56
7.610000000000000000e+02 6.400679575466392636e+56
7.620000000000000000e+02 6.697383094593508490e+56
7.630000000000000000e+02 7.009776549215476663e+56
7.640000000000000000e+02 7.335292840062672467e+56
7.650000000000000000e+02 7.671677658910787523e+56
7.660000000000000000e+02 8.017564460463359801e+56
7.670000000000000000e+02 8.372865553594599053e+56
7.680000000000000000e+02 8.738871031283176802e+56
7.690000000000000000e+02 9.118053945494193771e+56
7.700000000000000000e+02 9.513644224307104768e+56
7.710000000000000000e+02 9.929063773146614952e+56
7.720000000000000000e+02 1.036733075169756555e+57
7.730000000000000000e+02 1.083052777815502401e+57
7.740000000000000000e+02 1.131938085886206815e+57
7.750000000000000000e+02 1.183294153545397774e+57
7.760000000000000000e+02 1.236834616760105138e+57
7.770000000000000000e+02 1.292067865943087022e+57
7.780000000000000000e+02 1.348307241629256310e+57
7.790000000000000000e+02 1.404725742695863721e+57
7.800000000000000000e+02 1.460466977713181543e+57
7.810000000000000000e+02 1.514795351920553062e+57
7.820000000000000000e+02 1.567230289071441699e+57
7.830000000000000000e+02 1.617587851008532993e+57
7.840000000000000000e+02 1.665874593015149684e+57
7.850000000000000000e+02 1.712038466092111056e+57
7.860000000000000000e+02 1.755643751494334137e+57
7.870000000000000000e+02 1.795573236540726964e+57
7.880000000000000000e+02 1.829871841011043081e+57
7.890000000000000000e+02 1.855834214089763201e+57
7.900000000000000000e+02 1.870387104350264687e+57
7.910000000000000000e+02 1.870710761195328791e+57
7.920000000000000000e+02 1.854912728081692451e+57
7.930000000000000000e+02 1.822499484631596941e+57
7.940000000000000000e+02 1.774465831867878988e+57
7.950000000000000000e+02 1.713009286464770391e+57
7.960000000000000000e+02 1.641041489695844261e+57
7.970000000000000000e+02 1.561703808646860416e+57
7.980000000000000000e+02 1.478015541483681537e+57
7.990000000000000000e+02 1.392676605820780668e+57
8.000000000000000000e+02 1.307978586061015519e+57
8.010000000000000000e+02 1.225766812782263452e+57
8.020000000000000000e+02 1.147423053047311398e+57
8.030000000000000000e+02 1.073868437799915628e+57
8.040000000000000000e+02 1.005596267503916997e+57
8.050000000000000000e+02 9.427364625032066044e+56
8.060000000000000000e+02 8.851420545468486651e+56
8.070000000000000000e+02 8.324825782277315175e+56
8.080000000000000000e+02 7.843299418060268355e+56
8.090000000000000000e+02 7.402260528455790676e+56
8.100000000000000000e+02 6.997265050607853167e+56
8.110000000000000000e+02 6.624213293312582709e+56
8.120000000000000000e+02 6.279406326820189293e+56
8.130000000000000000e+02 5.959558297863541611e+56
8.140000000000000000e+02 5.661839666294087108e+56
8.150000000000000000e+02 5.383956267267532222e+56
8.160000000000000000e+02 5.124207704572880801e+56
8.170000000000000000e+02 4.881457281653494961e+56
8.180000000000000000e+02 4.654992889922206480e+56
8.190000000000000000e+02 4.444324776485262997e+56
8.200000000000000000e+02 4.248997144106368122e+56
8.210000000000000000e+02 4.068468682778673114e+56
8.220000000000000000e+02 3.902069999896432128e+56
8.230000000000000000e+02 3.749010529855921552e+56
8.240000000000000000e+02 3.608401655619304007e+56
8.250000000000000000e+02 3.479280265392373506e+56
8.260000000000000000e+02 3.360637478749934482e+56
8.270000000000000000e+02 3.251463432401995335e+56
8.280000000000000000e+02 3.150808327876359865e+56
8.290000000000000000e+02 3.057843194861615261e+56
8.300000000000000000e+02 2.971895867018549030e+56
8.310000000000000000e+02 2.892446548818369156e+56
8.320000000000000000e+02 2.819086756775853073e+56
8.330000000000000000e+02 2.751460667001568497e+56
8.340000000000000000e+02 2.689211199929488968e+56
8.350000000000000000e+02 2.631947912541702617e+56
8.360000000000000000e+02 2.579245449237006207e+56
8.370000000000000000e+02 2.530671615139547408e+56
8.380000000000000000e+02 2.485833293103981344e+56
8.390000000000000000e+02 2.444419048324558001e+56
8.400000000000000000e+02 2.406215554671355499e+56
8.410000000000000000e+02 2.371085681234873066e+56
8.420000000000000000e+02 2.338914449247372851e+56
8.430000000000000000e+02 2.309543148221004652e+56
8.440000000000000000e+02 2.282714940100569620e+56
8.450000000000000000e+02 2.258050246996244085e+56
8.460000000000000000e+02 2.235062158784003754e+56
8.470000000000000000e+02 2.213212340466860667e+56
8.480000000000000000e+02 2.191995881920990930e+56
8.490000000000000000e+02 2.171031391959016806e+56
8.500000000000000000e+02 2.150127579247793889e+56
8.510000000000000000e+02 2.129305650283629551e+56
8.520000000000000000e+02 2.108773540462857123e+56
8.530000000000000000e+02 2.088862215751990796e+56
8.540000000000000000e+02 2.069942377721999518e+56
8.550000000000000000e+02 2.052345391748969756e+56
8.560000000000000000e+02 2.036313576984362461e+56
8.570000000000000000e+02 2.021995284312728874e+56
8.580000000000000000e+02 2.009478968095919504e+56
8.590000000000000000e+02 1.998838749426594748e+56
8.600000000000000000e+02 1.990157777323183201e+56
8.610000000000000000e+02 1.983513097744844135e+56
8.620000000000000000e+02 1.978936340624731530e+56
8.630000000000000000e+02 1.976384786370658390e+56
8.640000000000000000e+02 1.975750969862799789e+56
8.650000000000000000e+02 1.976910995669115531e+56
8.660000000000000000e+02 1.979783733224473131e+56
8.670000000000000000e+02 1.984366397647584858e+56
8.680000000000000000e+02 1.990731076535536383e+56
8.690000000000000000e+02 1.998994705197325930e+56
8.700000000000000000e+02 2.009289374215712598e+56
8.710000000000000000e+02 2.021752585081603519e+56
8.720000000000000000e+02 2.036537413880536417e+56
8.730000000000000000e+02 2.053826169937415867e+56
8.740000000000000000e+02 2.073829143771656016e+56
8.750000000000000000e+02 2.096761827371639595e+56
8.760000000000000000e+02 2.122808372402387997e+56
8.770000000000000000e+02 2.152085866615846519e+56
8.780000000000000000e+02 2.184622523747905066e+56
8.790000000000000000e+02 2.220357596617890464e+56
8.800000000000000000e+02 2.259165196950116472e+56
8.810000000000000000e+02 2.300899529080868423e+56
8.820000000000000000e+02 2.345454761205142733e+56
8.830000000000000000e+02 2.392828804730344769e+56
8.840000000000000000e+02 2.443179156589385056e+56
8.850000000000000000e+02 2.496861179350351385e+56
8.860000000000000000e+02 2.554440954823565593e+56
8.870000000000000000e+02 2.616675677541685618e+56
8.880000000000000000e+02 2.684458512344918867e+56
8.890000000000000000e+02 2.758730815484902004e+56
8.900000000000000000e+02 2.840367252696085797e+56
8.910000000000000000e+02 2.930038914302607807e+56
8.920000000000000000e+02 3.028059035281342242e+56
8.930000000000000000e+02 3.134213679880362419e+56
8.940000000000000000e+02 3.247574528175266410e+56
8.950000000000000000e+02 3.366289054075153619e+56
8.960000000000000000e+02 3.487357949213153620e+56
8.970000000000000000e+02 3.606453938640985756e+56
8.980000000000000000e+02 3.717905374591101739e+56
8.990000000000000000e+02 3.815017665455386193e+56
9.000000000000000000e+02 3.890861441009552634e+56
9.010000000000000000e+02 3.939469418333640118e+56
9.020000000000000000e+02 3.957106327349924664e+56
9.030000000000000000e+02 3.943093914502933976e+56
9.040000000000000000e+02 3.899792629253371460e+56
9.050000000000000000e+02 3.831757784957078308e+56
9.060000000000000000e+02 3.744511762115133020e+56
9.070000000000000000e+02 3.643491687870471935e+56
9.080000000000000000e+02 3.533502929919904947e+56
9.090000000000000000e+02 3.418652921904452315e+56
9.100000000000000000e+02 3.302507983155096833e+56
9.110000000000000000e+02 3.188212413912177684e+56
9.120000000000000000e+02 3.078464315308594545e+56
9.130000000000000000e+02 2.975401165074782033e+56
9.140000000000000000e+02 2.880503845306515768e+56
9.150000000000000000e+02 2.794586267658153551e+56
9.160000000000000000e+02 2.717868298875527330e+56
9.170000000000000000e+02 2.650088810436784248e+56
9.180000000000000000e+02 2.590616536544450685e+56
9.190000000000000000e+02 2.538540552441878710e+56
9.200000000000000000e+02 2.492745625766975533e+56
9.210000000000000000e+02 2.451989423022458117e+56
9.220000000000000000e+02 2.414998876068558520e+56
9.230000000000000000e+02 2.380594234943262381e+56
9.240000000000000000e+02 2.347833574713777002e+56
9.250000000000000000e+02 2.316150777237294091e+56
9.260000000000000000e+02 2.285443266726394436e+56
9.270000000000000000e+02 2.256067154641687751e+56
9.280000000000000000e+02 2.228727869228395344e+56
9.290000000000000000e+02 2.204298734538273222e+56
9.300000000000000000e+02 2.183625855394368050e+56
9.310000000000000000e+02 2.167370573820589123e+56
9.320000000000000000e+02 2.155915168474308785e+56
9.330000000000000000e+02 2.149334124898560983e+56
9.340000000000000000e+02 2.147420718207938236e+56
9.350000000000000000e+02 2.149754395079907867e+56
9.360000000000000000e+02 2.155793226466182273e+56
9.370000000000000000e+02 2.164974383562641554e+56
9.380000000000000000e+02 2.176803082750600526e+56
9.390000000000000000e+02 2.190907057711787820e+56
9.400000000000000000e+02 2.207034853266231279e+56
9.410000000000000000e+02 2.224990930877350378e+56
9.420000000000000000e+02 2.244526936943344759e+56
9.430000000000000000e+02 2.265229794599614949e+56
9.440000000000000000e+02 2.286449440861946046e+56
9.450000000000000000e+02 2.307294181055144483e+56
9.460000000000000000e+02 2.326701187885198773e+56
9.470000000000000000e+02 2.343572519400094908e+56
9.480000000000000000e+02 2.356954426713141012e+56
9.490000000000000000e+02 2.366226164905124500e+56
9.500000000000000000e+02 2.371256612692261115e+56
9.510000000000000000e+02 2.372492461117838811e+56
9.520000000000000000e+02 2.370959766916092595e+56
9.530000000000000000e+02 2.368177481539556453e+56
9.540000000000000000e+02 2.365993580153479301e+56
9.550000000000000000e+02 2.366370826517089276e+56
9.560000000000000000e+02 2.371166751817760880e+56
9.570000000000000000e+02 2.381954164688832035e+56
9.580000000000000000e+02 2.399909995619711927e+56
9.590000000000000000e+02 2.425775524864034990e+56
9.600000000000000000e+02 2.459873564887757509e+56
9.610000000000000000e+02 2.502160083389093221e+56
9.620000000000000000e+02 2.552285885636760983e+56
9.630000000000000000e+02 2.609648390335078814e+56
9.640000000000000000e+02 2.673427229425379409e+56
9.650000000000000000e+02 2.742617429433338820e+56
9.660000000000000000e+02 2.816086572504869692e+56
9.670000000000000000e+02 2.892672196806701136e+56
9.680000000000000000e+02 2.971300088573362299e+56
9.690000000000000000e+02 3.051062208110323106e+56
9.700000000000000000e+02 3.131184745706088291e+56
9.710000000000000000e+02 3.210875759300363430e+56
9.720000000000000000e+02 3.289147699902696555e+56
9.730000000000000000e+02 3.364781141305559572e+56
9.740000000000000000e+02 3.436553673010638954e+56
9.750000000000000000e+02 3.503703044517857355e+56
9.760000000000000000e+02 3.566422191180867985e+56
9.770000000000000000e+02 3.626126832129463193e+56
9.780000000000000000e+02 3.685351708028353858e+56
9.790000000000000000e+02 3.747335329666331536e+56
9.800000000000000000e+02 3.815489963567279453e+56
9.810000000000000000e+02 3.892944928716571577e+56
9.820000000000000000e+02 3.982246807371871135e+56
9.830000000000000000e+02 4.085199259398029925e+56
9.840000000000000000e+02 4.202789783213512020e+56
9.850000000000000000e+02 4.335180166659720694e+56
9.860000000000000000e+02 4.481784787683454679e+56
9.870000000000000000e+02 4.641470894352736876e+56
9.880000000000000000e+02 4.812863814453341820e+56
9.890000000000000000e+02 4.994657872796052970e+56
9.900000000000000000e+02 5.185793451143006945e+56
9.910000000000000000e+02 5.385421418731931989e+56
9.920000000000000000e+02 5.592712593284879754e+56
9.930000000000000000e+02 5.806674020387096253e+56
9.940000000000000000e+02 6.026112378513482024e+56
9.950000000000000000e+02 6.249743724216351127e+56
9.960000000000000000e+02 6.476290623644336804e+56
9.970000000000000000e+02 6.704366702196212475e+56
9.980000000000000000e+02 6.932088044260996110e+56
9.990000000000000000e+02 7.156581270781983629e+56
1.000000000000000000e+03 7.373693853912809208e+56
1.001000000000000000e+03 7.578137951490570527e+56
1.002000000000000000e+03 7.764063753424108702e+56
1.003000000000000000e+03 7.925829486376763477e+56
1.004000000000000000e+03 8.058676286927125105e+56
1.005000000000000000e+03 8.159149463661538573e+56
1.006000000000000000e+03 8.225290253889759003e+56
1.007000000000000000e+03 8.256707634718306713e+56
1.008000000000000000e+03 8.254614620176185417e+56
1.009000000000000000e+03 8.221837063359430444e+56
1.010000000000000000e+03 8.162729277956217188e+56
1.011000000000000000e+03 8.082919288588893652e+56
1.012000000000000000e+03 7.988876754148294932e+56
1.013000000000000000e+03 7.887374972008432906e+56
1.014000000000000000e+03 7.784932605250854482e+56
1.015000000000000000e+03 7.687290330141832817e+56
1.016000000000000000e+03 7.598949917212671405e+56
1.017000000000000000e+03 7.522792596186066479e+56
1.018000000000000000e+03 7.459806514363915787e+56
1.019000000000000000e+03 7.408986452124765069e+56
1.020000000000000000e+03 7.367484700749703208e+56
1.021000000000000000e+03 7.331050569756225398e+56
1.022000000000000000e+03 7.294702794545832992e+56
1.023000000000000000e+03 7.253488188398870662e+56
1.024000000000000000e+03 7.203159320019573825e+56
1.025000000000000000e+03 7.140667996674936365e+56
1.026000000000000000e+03 7.064451651080569594e+56
1.027000000000000000e+03 6.974519760309994003e+56
1.028000000000000000e+03 6.872337290181074922e+56
1.029000000000000000e+03 6.760490050272865148e+56
1.030000000000000000e+03 6.642124816315180058e+56
1.031000000000000000e+03 6.520219578734352228e+56
1.032000000000000000e+03 6.396866471684442756e+56
1.033000000000000000e+03 6.272850442204655580e+56
1.034000000000000000e+03 6.147749928091826503e+56
1.035000000000000000e+03 6.020552343502133870e+56
1.036000000000000000e+03 5.890502239474093704e+56
1.037000000000000000e+03 5.757775694307938209e+56
1.038000000000000000e+03 5.623695020628697320e+56
1.039000000000000000e+03 5.490465803756529345e+56
1.040000000000000000e+03 5.360632574116385291e+56
1.041000000000000000e+03 5.236501239155517218e+56
1.042000000000000000e+03 5.119710824904802866e+56
1.043000000000000000e+03 5.011043011846444684e+56
1.044000000000000000e+03 4.910477915385433589e+56
1.045000000000000000e+03 4.817443530795131546e+56
1.046000000000000000e+03 4.731164766179939252e+56
1.047000000000000000e+03 4.651004982565450813e+56
1.048000000000000000e+03 4.576715556154894664e+56
1.049000000000000000e+03 4.508551322217099521e+56
1.050000000000000000e+03 4.447244315993029998e+56
1.051000000000000000e+03 4.393851542641625101e+56
1.052000000000000000e+03 4.349518163863034785e+56
1.053000000000000000e+03 4.315220294209362332e+56
1.054000000000000000e+03 4.291554913237192292e+56
1.055000000000000000e+03 4.278629501999886200e+56
1.056000000000000000e+03 4.276082810246817157e+56
1.057000000000000000e+03 4.283241792158511779e+56
1.058000000000000000e+03 4.299382514813166224e+56
1.059000000000000000e+03 4.324019752673917724e+56
1.060000000000000000e+03 4.357126102212491434e+56
1.061000000000000000e+03 4.399207071089504922e+56
1.062000000000000000e+03 4.451230474853698665e+56
1.063000000000000000e+03 4.514477908769937995e+56
1.064000000000000000e+03 4.590406264892280787e+56
1.065000000000000000e+03 4.680577887227519834e+56
1.066000000000000000e+03 4.786670978788690298e+56
1.067000000000000000e+03 4.910546800695186985e+56
1.068000000000000000e+03 5.054339246881974468e+56
1.069000000000000000e+03 5.220538002952872993e+56
1.070000000000000000e+03 5.412041653139423369e+56
1.071000000000000000e+03 5.632154817129236355e+56
1.072000000000000000e+03 5.884497756467198152e+56
1.073000000000000000e+03 6.172791148520743305e+56
1.074000000000000000e+03 6.500479145895067676e+56
1.075000000000000000e+03 6.870172413005954221e+56
1.076000000000000000e+03 7.282931814599863858e+56
1.077000000000000000e+03 7.737462582707809104e+56
1.078000000000000000e+03 8.229341883460509273e+56
1.079000000000000000e+03 8.750454883133577798e+56
1.080000000000000000e+03 9.288838987989260648e+56
1.081000000000000000e+03 9.829085647741696413e+56
1.082000000000000000e+03 1.035330521892202166e+57
1.083000000000000000e+03 1.084248764123691433e+57
1.084000000000000000e+03 1.127800301708477427e+57
1.085000000000000000e+03 1.164301024910083465e+57
1.086000000000000000e+03 1.192359277886500543e+57
1.087000000000000000e+03 1.210948259294988611e+57
1.088000000000000000e+03 1.219434053921053363e+57
1.089000000000000000e+03 1.217572128952562745e+57
1.090000000000000000e+03 1.205492048239044158e+57
1.091000000000000000e+03 1.183682639687738014e+57
1.092000000000000000e+03 1.152976633286557529e+57
1.093000000000000000e+03 1.114521835720804261e+57
1.094000000000000000e+03 1.069721333942608754e+57
1.095000000000000000e+03 1.020136421377559401e+57
1.096000000000000000e+03 9.673673489937920791e+56
1.097000000000000000e+03 9.129390097705355647e+56
1.098000000000000000e+03 8.582132815089172478e+56
1.099000000000000000e+03 8.043369084303707287e+56
1.100000000000000000e+03 7.522230446887293537e+56
1.101000000000000000e+03 7.025579121073061366e+56
1.102000000000000000e+03 6.558216925797904573e+56
1.103000000000000000e+03 6.123142730320472832e+56
1.104000000000000000e+03 5.721798112414172663e+56
1.105000000000000000e+03 5.354281424004310825e+56
1.106000000000000000e+03 5.019550940304669400e+56
1.107000000000000000e+03 4.715657369102172639e+56
1.108000000000000000e+03 4.440027761205889220e+56
1.109000000000000000e+03 4.189779074853559976e+56
1.110000000000000000e+03 3.962004772773623673e+56
1.111000000000000000e+03 3.753979960731079384e+56
1.112000000000000000e+03 3.563267353954461722e+56
1.113000000000000000e+03 3.387747148572758441e+56
1.114000000000000000e+03 3.225610418192928604e+56
1.115000000000000000e+03 3.075345589210283836e+56
1.116000000000000000e+03 2.935726100694924722e+56
1.117000000000000000e+03 2.805790508979788797e+56
1.118000000000000000e+03 2.684804130729088702e+56
1.119000000000000000e+03 2.572202417275227693e+56
1.120000000000000000e+03 2.467527911390357338e+56
1.121000000000000000e+03 2.370374989105008630e+56
1.122000000000000000e+03 2.280351395807897201e+56
1.123000000000000000e+03 2.197058511531226051e+56
1.124000000000000000e+03 2.120086010476390987e+56
1.125000000000000000e+03 2.049012367879495892e+56
1.126000000000000000e+03 1.983401494942824230e+56
1.127000000000000000e+03 1.922788760800744345e+56
1.128000000000000000e+03 1.866658417627774505e+56
1.129000000000000000e+03 1.814426744990405238e+56
1.130000000000000000e+03 1.765451864927439831e+56
1.131000000000000000e+03 1.719082979587379996e+56
1.132000000000000000e+03 1.674739664655197717e+56
1.133000000000000000e+03 1.631989183326300014e+56
1.134000000000000000e+03 1.590584902694168322e+56
1.135000000000000000e+03 1.550449545663293176e+56
1.136000000000000000e+03 1.511619193214954186e+56
1.137000000000000000e+03 1.474182765403438544e+56
1.138000000000000000e+03 1.438245228334777153e+56
1.139000000000000000e+03 1.403920090041436310e+56
1.140000000000000000e+03 1.371335837094807542e+56
1.141000000000000000e+03 1.340634797105280992e+56
1.142000000000000000e+03 1.311952507097140238e+56
1.143000000000000000e+03 1.285380980528411167e+56
1.144000000000000000e+03 1.260929110965267091e+56
1.145000000000000000e+03 1.238495013685109865e+56
1.146000000000000000e+03 1.217861967688380234e+56
1.147000000000000000e+03 1.198724237472193381e+56
1.148000000000000000e+03 1.180740982294044796e+56
1.149000000000000000e+03 1.163606081574723410e+56
1.150000000000000000e+03 1.147113358798434656e+56
1.151000000000000000e+03 1.131196588065532096e+56
1.152000000000000000e+03 1.115932857130002280e+56
1.153000000000000000e+03 1.101509754756500681e+56
1.154000000000000000e+03 1.088165392693312956e+56
1.155000000000000000e+03 1.076116226763746706e+56
1.156000000000000000e+03 1.065492542763162321e+56
1.157000000000000000e+03 1.056301294293057433e+56
1.158000000000000000e+03 1.048426244886617995e+56
1.159000000000000000e+03 1.041659088735951495e+56
1.160000000000000000e+03 1.035742388699905809e+56
1.161000000000000000e+03 1.030404651512687869e+56
1.162000000000000000e+03 1.025379231718462465e+56
1.163000000000000000e+03 1.020412231514498656e+56
1.164000000000000000e+03 1.015270336669383148e+56
1.165000000000000000e+03 1.009755656397214651e+56
1.166000000000000000e+03 1.003725751111574902e+56
1.167000000000000000e+03 9.971098993283348624e+55
1.168000000000000000e+03 9.899126526193738930e+55
1.169000000000000000e+03 9.822022889287023655e+55
1.170000000000000000e+03 9.740884535351892155e+55
1.171000000000000000e+03 9.656955779542364059e+55
1.172000000000000000e+03 9.571379133161368393e+55
1.173000000000000000e+03 9.485004875603095649e+55
1.174000000000000000e+03 9.398285323379795490e+55
1.175000000000000000e+03 9.311265536186270250e+55
1.176000000000000000e+03 9.223673961837619690e+55
1.177000000000000000e+03 9.135101945612190910e+55
1.178000000000000000e+03 9.045235154765905974e+55
1.179000000000000000e+03 8.954070907303418811e+55
1.180000000000000000e+03 8.862038416534452143e+55
1.181000000000000000e+03 8.769962271366665624e+55
1.182000000000000000e+03 8.678886524059778618e+55
1.183000000000000000e+03 8.589860813203325901e+55
1.184000000000000000e+03 8.503807148453964965e+55
1.185000000000000000e+03 8.421517297236559587e+55
1.186000000000000000e+03 8.343727893269696297e+55
1.187000000000000000e+03 8.271160431956149530e+55
1.188000000000000000e+03 8.204449009134427290e+55
1.189000000000000000e+03 8.143991852348357331e+55
1.190000000000000000e+03 8.089860571457268843e+55
1.191000000000000000e+03 8.041894085139290915e+55
1.192000000000000000e+03 7.999988317091749070e+55
1.193000000000000000e+03 7.964450303468240071e+55
1.194000000000000000e+03 7.936223035298402564e+55
1.195000000000000000e+03 7.916855944385807396e+55
1.196000000000000000e+03 7.908239609661898519e+55
1.197000000000000000e+03 7.912227053046289005e+55
1.198000000000000000e+03 7.930265703099284329e+55
1.199000000000000000e+03 7.963095965090156650e+55
1.200000000000000000e+03 8.010505024429959043e+55
1.201000000000000000e+03 8.071107337560391388e+55
1.202000000000000000e+03 8.142162050317934287e+55
1.203000000000000000e+03 8.219495524438820951e+55
1.204000000000000000e+03 8.297622131819653115e+55
1.205000000000000000e+03 8.370120329531149352e+55
1.206000000000000000e+03 8.430238263674319818e+55
1.207000000000000000e+03 8.471623357674768391e+55
1.208000000000000000e+03 8.489038955746121853e+55
1.209000000000000000e+03 8.478940859406304735e+55
1.210000000000000000e+03 8.439802878640453119e+55
1.211000000000000000e+03 8.372117277093776987e+55
1.212000000000000000e+03 8.278087704785135522e+55
1.213000000000000000e+03 8.161136634320576168e+55
1.214000000000000000e+03 8.025383380865443972e+55
1.215000000000000000e+03 7.875203740265719475e+55
1.216000000000000000e+03 7.714912613673971000e+55
1.217000000000000000e+03 7.548555368223916293e+55
1.218000000000000000e+03 7.379769458997738545e+55
1.219000000000000000e+03 7.211690613072175955e+55
1.220000000000000000e+03 7.046903319380473611e+55
1.221000000000000000e+03 6.887441732865767242e+55
1.222000000000000000e+03 6.734833524857283852e+55
1.223000000000000000e+03 6.590163280091751440e+55
1.224000000000000000e+03 6.454126719950088797e+55
1.225000000000000000e+03 6.327060443243093661e+55
1.226000000000000000e+03 6.208958956718558496e+55
1.227000000000000000e+03 6.099508782738521034e+55
1.228000000000000000e+03 5.998161904848487272e+55
1.229000000000000000e+03 5.904244124977245371e+55
1.230000000000000000e+03 5.817066811260743523e+55
1.231000000000000000e+03 5.736001723594187787e+55
1.232000000000000000e+03 5.660495341460631769e+55
1.233000000000000000e+03 5.590027434350883160e+55
1.234000000000000000e+03 5.524038661721853597e+55
1.235000000000000000e+03 5.461860550184437772e+55
1.236000000000000000e+03 5.402683288839960330e+55
1.237000000000000000e+03 5.345588620838151484e+55
1.238000000000000000e+03 5.289651324675621924e+55
1.239000000000000000e+03 5.234078543014432999e+55
1.240000000000000000e+03 5.178328372774163778e+55
1.241000000000000000e+03 5.122151536617760228e+55
1.242000000000000000e+03 5.065542231854751953e+55
1.243000000000000000e+03 5.008638915136934302e+55
1.244000000000000000e+03 4.951639108840249940e+55
1.245000000000000000e+03 4.894769712781948200e+55
1.246000000000000000e+03 4.838307901467744811e+55
1.247000000000000000e+03 4.782610958749278713e+55
1.248000000000000000e+03 4.728110646004624080e+55
1.249000000000000000e+03 4.675258574578019739e+55
1.250000000000000000e+03 4.624445705089374377e+55
1.251000000000000000e+03 4.575933471221219047e+55
1.252000000000000000e+03 4.529823794521886728e+55
1.253000000000000000e+03 4.486074925026556588e+55
1.254000000000000000e+03 4.444551937723699500e+55
1.255000000000000000e+03 4.405090453987596170e+55
1.256000000000000000e+03 4.367549376464519040e+55
1.257000000000000000e+03 4.331831309427063727e+55
1.258000000000000000e+03 4.297861421296270528e+55
1.259000000000000000e+03 4.265537971302637577e+55
1.260000000000000000e+03 4.234687689240629913e+55
1.261000000000000000e+03 4.205060463400310951e+55
1.262000000000000000e+03 4.176378899962671707e+55
1.263000000000000000e+03 4.148431392351184647e+55
1.264000000000000000e+03 4.121177238742873072e+55
1.265000000000000000e+03 4.094828112323464180e+55
1.266000000000000000e+03 4.069878235833532239e+55
1.267000000000000000e+03 4.047066237725566940e+55
1.268000000000000000e+03 4.027264900675910642e+55
1.269000000000000000e+03 4.011316222493495762e+55
1.270000000000000000e+03 3.999851254479289296e+55
1.271000000000000000e+03 3.993142598894692232e+55
1.272000000000000000e+03 3.991029799246083635e+55
1.273000000000000000e+03 3.992942534033034692e+55
1.274000000000000000e+03 3.998027177764236089e+55
1.275000000000000000e+03 4.005355038708974302e+55
1.276000000000000000e+03 4.014156931110026705e+55
1.277000000000000000e+03 4.024006977731657945e+55
1.278000000000000000e+03 4.034893058354656322e+55
1.279000000000000000e+03 4.047161812039345352e+55
1.280000000000000000e+03 4.061377990289761387e+55
1.281000000000000000e+03 4.078157185079868305e+55
1.282000000000000000e+03 4.098016797799396228e+55
1.283000000000000000e+03 4.121264650435593060e+55
1.284000000000000000e+03 4.147927169551293228e+55
1.285000000000000000e+03 4.177717129247749249e+55
1.286000000000000000e+03 4.210049189592488593e+55
1.287000000000000000e+03 4.244114826370457090e+55
1.288000000000000000e+03 4.279014314356303952e+55
1.289000000000000000e+03 4.313913170308906827e+55
1.290000000000000000e+03 4.348161415375594639e+55
1.291000000000000000e+03 4.381315195012826022e+55
1.292000000000000000e+03 4.413046226306891510e+55
1.293000000000000000e+03 4.442987950743241488e+55
1.294000000000000000e+03 4.470598945463011450e+55
1.295000000000000000e+03 4.495103023238683518e+55
1.296000000000000000e+03 4.515513203865431816e+55
1.297000000000000000e+03 4.530703758244532964e+55
1.298000000000000000e+03 4.539492620240442335e+55
1.299000000000000000e+03 4.540733805446782415e+55
1.300000000000000000e+03 4.533455669439528004e+55
1.301000000000000000e+03 4.517074026267589407e+55
1.302000000000000000e+03 4.491653838759391773e+55
1.303000000000000000e+03 4.458120693635999530e+55
1.304000000000000000e+03 4.418288528094591468e+55
1.305000000000000000e+03 4.374622252203282381e+55
1.306000000000000000e+03 4.329778353665213199e+55
1.307000000000000000e+03 4.286076073298107393e+55
1.308000000000000000e+03 4.245072580658100761e+55
1.309000000000000000e+03 4.207357252407748527e+55
1.310000000000000000e+03 4.172599895049356920e+55
1.311000000000000000e+03 4.139820998372078971e+55
1.312000000000000000e+03 4.107798423192351466e+55
1.313000000000000000e+03 4.075482106801360819e+55
1.314000000000000000e+03 4.042279396043933609e+55
1.315000000000000000e+03 4.008125929447754366e+55
1.316000000000000000e+03 3.973354007115481648e+55
1.317000000000000000e+03 3.938450982350485782e+55
1.318000000000000000e+03 3.903820629626357645e+55
1.319000000000000000e+03 3.869631184788349494e+55
1.320000000000000000e+03 3.835788479683979502e+55
1.321000000000000000e+03 3.802030397403357642e+55
1.322000000000000000e+03 3.768102723851290414e+55
1.323000000000000000e+03 3.733948382017137156e+55
1.324000000000000000e+03 3.699834384430357223e+55
1.325000000000000000e+03 3.666369113686712180e+55
1.326000000000000000e+03 3.634418231800616727e+55
1.327000000000000000e+03 3.604972729159475993e+55
1.328000000000000000e+03 3.579027512731420398e+55
1.329000000000000000e+03 3.557500313628113527e+55
1.330000000000000000e+03 3.541186272301498654e+55
1.331000000000000000e+03 3.530725668314975660e+55
1.332000000000000000e+03 3.526568003586026240e+55
1.333000000000000000e+03 3.528935441780828559e+55
1.334000000000000000e+03 3.537803590252507859e+55
1.335000000000000000e+03 3.552916036641318851e+55
1.336000000000000000e+03 3.573833889741822746e+55
1.337000000000000000e+03 3.600003790727851456e+55
1.338000000000000000e+03 3.630817033983660499e+55
1.339000000000000000e+03 3.665630953732170451e+55
1.340000000000000000e+03 3.703729595846483737e+55
1.341000000000000000e+03 3.744217686865866237e+55
1.342000000000000000e+03 3.785876133822978893e+55
1.343000000000000000e+03 3.827047176048490335e+55
1.344000000000000000e+03 3.865631965365945455e+55
1.345000000000000000e+03 3.899250267135040857e+55
1.346000000000000000e+03 3.925541105637977441e+55
1.347000000000000000e+03 3.942515696967227339e+55
1.348000000000000000e+03 3.948854775712466884e+55
1.349000000000000000e+03 3.944077782619711910e+55
1.350000000000000000e+03 3.928562285496342665e+55
1.351000000000000000e+03 3.903426064100018438e+55
1.352000000000000000e+03 3.870308480942259233e+55
1.353000000000000000e+03 3.831110968212914498e+55
1.354000000000000000e+03 3.787762685289628471e+55
1.355000000000000000e+03 3.742057002204521556e+55
1.356000000000000000e+03 3.695572221820060919e+55
1.357000000000000000e+03 3.649662609784996234e+55
1.358000000000000000e+03 3.605489997370795134e+55
1.359000000000000000e+03 3.564063269277385685e+55
1.360000000000000000e+03 3.526258625025109872e+55
1.361000000000000000e+03 3.492802874066487235e+55
1.362000000000000000e+03 3.464217158630249397e+55
1.363000000000000000e+03 3.440738414863903160e+55
1.364000000000000000e+03 3.422249514770808260e+55
1.365000000000000000e+03 3.408248275810036193e+55
1.366000000000000000e+03 3.397874329940030681e+55
1.367000000000000000e+03 3.389998998573156844e+55
1.368000000000000000e+03 3.383370215142771598e+55
1.369000000000000000e+03 3.376791059663749617e+55
1.370000000000000000e+03 3.369296752884231429e+55
1.371000000000000000e+03 3.360289511473000471e+55
1.372000000000000000e+03 3.349602861992698178e+55
1.373000000000000000e+03 3.337489564858349870e+55
1.374000000000000000e+03 3.324543144204114178e+55
1.375000000000000000e+03 3.311569598344598770e+55
1.376000000000000000e+03 3.299431602394265434e+55
1.377000000000000000e+03 3.288891068289705926e+55
1.378000000000000000e+03 3.280470925426088775e+55
1.379000000000000000e+03 3.274347062871632887e+55
1.380000000000000000e+03 3.270275064664986188e+55
1.381000000000000000e+03 3.267557710588884917e+55
1.382000000000000000e+03 3.265067699248868307e+55
1.383000000000000000e+03 3.261348690237566410e+55
1.384000000000000000e+03 3.254812760512258120e+55
1.385000000000000000e+03 3.244022868939101136e+55
1.386000000000000000e+03 3.227999137085788217e+55
1.387000000000000000e+03 3.206445461650479861e+55
1.388000000000000000e+03 3.179800682408742995e+55
1.389000000000000000e+03 3.149091156389009135e+55
1.390000000000000000e+03 3.115653712264137444e+55
1.391000000000000000e+03 3.080842860098441173e+55
1.392000000000000000e+03 3.045814245809459853e+55
1.393000000000000000e+03 3.011421261580700303e+55
1.394000000000000000e+03 2.978213493441960523e+55
1.395000000000000000e+03 2.946501380747420115e+55
1.396000000000000000e+03 2.916447670212253213e+55
1.397000000000000000e+03 2.888152451114451378e+55
1.398000000000000000e+03 2.861709604443761946e+55
1.399000000000000000e+03 2.837228277938124458e+55
1.400000000000000000e+03 2.814828375995276974e+55
1.401000000000000000e+03 2.794625793927136137e+55
1.402000000000000000e+03 2.776720634241023676e+55
1.403000000000000000e+03 2.761195282813921557e+55
1.404000000000000000e+03 2.748122505033093042e+55
1.405000000000000000e+03 2.737578629377520165e+55
1.406000000000000000e+03 2.729654784072042618e+55
1.407000000000000000e+03 2.724459249430085098e+55
1.408000000000000000e+03 2.722106438937384905e+55
1.409000000000000000e+03 2.722694511605922457e+55
1.410000000000000000e+03 2.726281268869737136e+55
1.411000000000000000e+03 2.732870191309056331e+55
1.412000000000000000e+03 2.742413115901004435e+55
1.413000000000000000e+03 2.754826806957643318e+55
1.414000000000000000e+03 2.770012754856412806e+55
1.415000000000000000e+03 2.787867522957836830e+55
1.416000000000000000e+03 2.808275493080221971e+55
1.417000000000000000e+03 2.831082839515219063e+55
1.418000000000000000e+03 2.856058852940901539e+55
1.419000000000000000e+03 2.882859654484182896e+55
1.420000000000000000e+03 2.911016477512717194e+55
1.421000000000000000e+03 2.939967438312365433e+55
1.422000000000000000e+03 2.969134196120480376e+55
1.423000000000000000e+03 2.998019669039792524e+55
1.424000000000000000e+03 3.026286092662762378e+55
1.425000000000000000e+03 3.053781077836912077e+55
1.426000000000000000e+03 3.080511271887833457e+55
1.427000000000000000e+03 3.106592730185634874e+55
1.428000000000000000e+03 3.132209626085848181e+55
1.429000000000000000e+03 3.157589177343136038e+55
1.430000000000000000e+03 3.182970652131421061e+55
1.431000000000000000e+03 3.208534564588238156e+55
1.432000000000000000e+03 3.234280665014144195e+55
1.433000000000000000e+03 3.259889278691117902e+55
1.434000000000000000e+03 3.284633279161347467e+55
1.435000000000000000e+03 3.307398318703466604e+55
1.436000000000000000e+03 3.326821799364209273e+55
1.437000000000000000e+03 3.341508675198556623e+55
1.438000000000000000e+03 3.350258932218165754e+55
1.439000000000000000e+03 3.352256408652829605e+55
1.440000000000000000e+03 3.347197258847817403e+55
1.441000000000000000e+03 3.335352509511098149e+55
1.442000000000000000e+03 3.317562787126845113e+55
1.443000000000000000e+03 3.295164272989346671e+55
1.444000000000000000e+03 3.269844961093024782e+55
1.445000000000000000e+03 3.243436299061836281e+55
1.446000000000000000e+03 3.217667342554346722e+55
1.447000000000000000e+03 3.193935011643835275e+55
1.448000000000000000e+03 3.173149898050314915e+55
1.449000000000000000e+03 3.155696609552729691e+55
1.450000000000000000e+03 3.141515968515931313e+55
1.451000000000000000e+03 3.130286360165688716e+55
1.452000000000000000e+03 3.121654593638768050e+55
1.453000000000000000e+03 3.115442849345148195e+55
1.454000000000000000e+03 3.111750774560789382e+55
1.455000000000000000e+03 3.110903592740818565e+55
1.456000000000000000e+03 3.113268986182886310e+55
1.457000000000000000e+03 3.119034951919128188e+55
1.458000000000000000e+03 3.128055755367821843e+55
1.459000000000000000e+03 3.139823968041594257e+55
1.460000000000000000e+03 3.153552743689865641e+55
1.461000000000000000e+03 3.168305354873066166e+55
1.462000000000000000e+03 3.183112641053004465e+55
1.463000000000000000e+03 3.197055756016305914e+55
1.464000000000000000e+03 3.209324221214308877e+55
1.465000000000000000e+03 3.219267347680090402e+55
1.466000000000000000e+03 3.226444751958635195e+55
1.467000000000000000e+03 3.230661911844665819e+55
1.468000000000000000e+03 3.231964982502584150e+55
1.469000000000000000e+03 3.230577338617904587e+55
1.470000000000000000e+03 3.226782013357015029e+55
1.471000000000000000e+03 3.220772567597881106e+55
1.472000000000000000e+03 3.212506777441072046e+55
1.473000000000000000e+03 3.201607622266664001e+55
1.474000000000000000e+03 3.187356812977311468e+55
1.475000000000000000e+03 3.168805004387641769e+55
1.476000000000000000e+03 3.144981392921973541e+55
1.477000000000000000e+03 3.115142515412683782e+55
1.478000000000000000e+03 3.078982973834871536e+55
1.479000000000000000e+03 3.036752610124214671e+55
1.480000000000000000e+03 2.989265295197586828e+55
1.481000000000000000e+03 2.937813351779482513e+55
1.482000000000000000e+03 2.884014557255584986e+55
1.483000000000000000e+03 2.829627779077260920e+55
1.484000000000000000e+03 2.776376547730941155e+55
1.485000000000000000e+03 2.725809215174918308e+55
1.486000000000000000e+03 2.679205931323328497e+55
1.487000000000000000e+03 2.637528566208591788e+55
1.488000000000000000e+03 2.601404347580176682e+55
1.489000000000000000e+03 2.571136356166329760e+55
1.490000000000000000e+03 2.546740403172058854e+55
1.491000000000000000e+03 2.528011004142130170e+55
1.492000000000000000e+03 2.514613224357817592e+55
1.493000000000000000e+03 2.506183751530384751e+55
1.494000000000000000e+03 2.502413344746726623e+55
1.495000000000000000e+03 2.503084928546150929e+55
1.496000000000000000e+03 2.508058530288866672e+55
1.497000000000000000e+03 2.517214443522097821e+55
1.498000000000000000e+03 2.530377193321259914e+55
1.499000000000000000e+03 2.547243975557568047e+55
1.500000000000000000e+03 2.567337680336753007e+55
1.501000000000000000e+03 2.589999058674447196e+55
1.502000000000000000e+03 2.614424546697432748e+55
1.503000000000000000e+03 2.639745755257736833e+55
1.504000000000000000e+03 2.665136598199943733e+55
1.505000000000000000e+03 2.689929274967526879e+55
1.506000000000000000e+03 2.713721054198400832e+55
1.507000000000000000e+03 2.736454579777314815e+55
1.508000000000000000e+03 2.758454933543928516e+55
1.509000000000000000e+03 2.780413299406676414e+55
1.510000000000000000e+03 2.803318729143125416e+55
1.511000000000000000e+03 2.828347964488358928e+55
1.512000000000000000e+03 2.856728696747213867e+55
1.513000000000000000e+03 2.889599526271188974e+55
1.514000000000000000e+03 2.927895656959378951e+55
1.515000000000000000e+03 2.972283488085372029e+55
1.516000000000000000e+03 3.023150390650727874e+55
1.517000000000000000e+03 3.080638356691491748e+55
1.518000000000000000e+03 3.144701531414933993e+55
1.519000000000000000e+03 3.215169754242630052e+55
1.520000000000000000e+03 3.291806113423296194e+55
1.521000000000000000e+03 3.374348130642674382e+55
1.522000000000000000e+03 3.462518881472975840e+55
1.523000000000000000e+03 3.555989953702426118e+55
1.524000000000000000e+03 3.654278458748317959e+55
1.525000000000000000e+03 3.756576351443212120e+55
1.526000000000000000e+03 3.861546738459271264e+55
1.527000000000000000e+03 3.967159154674940926e+55
1.528000000000000000e+03 4.070642188294646537e+55
1.529000000000000000e+03 4.168594760056321941e+55
1.530000000000000000e+03 4.257236430049218752e+55
1.531000000000000000e+03 4.332733145974228646e+55
1.532000000000000000e+03 4.391538527547908136e+55
1.533000000000000000e+03 4.430726966653915371e+55
1.534000000000000000e+03 4.448316598218001362e+55
1.535000000000000000e+03 4.443565912851053669e+55
1.536000000000000000e+03 4.417191992456985101e+55
1.537000000000000000e+03 4.371421937187777065e+55
1.538000000000000000e+03 4.309786790465838105e+55
1.539000000000000000e+03 4.236641684202401404e+55
1.540000000000000000e+03 4.156524445978043903e+55
1.541000000000000000e+03 4.073548703624740645e+55
1.542000000000000000e+03 3.991000831888993590e+55
1.543000000000000000e+03 3.911207705103747205e+55
1.544000000000000000e+03 3.835640412693934534e+55
1.545000000000000000e+03 3.765161121454527046e+55
1.546000000000000000e+03 3.700305603956248949e+55
1.547000000000000000e+03 3.641505407923040441e+55
1.548000000000000000e+03 3.589185847215648832e+55
1.549000000000000000e+03 3.543734518243549205e+55
1.550000000000000000e+03 3.505404342101151944e+55
1.551000000000000000e+03 3.474251139945706322e+55
1.552000000000000000e+03 3.450177623995464206e+55
1.553000000000000000e+03 3.433080271643634271e+55
1.554000000000000000e+03 3.423024447242830489e+55
1.555000000000000000e+03 3.420353786258798138e+55
1.556000000000000000e+03 3.425680292235052775e+55
1.557000000000000000e+03 3.439765055150011401e+55
1.558000000000000000e+03 3.463342167824156194e+55
1.559000000000000000e+03 3.496948876507200007e+55
1.560000000000000000e+03 3.540816701727999916e+55
1.561000000000000000e+03 3.594858921507935598e+55
1.562000000000000000e+03 3.658756117577844717e+55
1.563000000000000000e+03 3.732096226647478394e+55
1.564000000000000000e+03 3.814488784666571577e+55
1.565000000000000000e+03 3.905572644874926641e+55
1.566000000000000000e+03 4.004880839764473249e+55
1.567000000000000000e+03 4.111591412086072267e+55
1.568000000000000000e+03 4.224248799945036657e+55
1.569000000000000000e+03 4.340578015965221339e+55
1.570000000000000000e+03 4.457529972026043603e+55
1.571000000000000000e+03 4.571665285611671468e+55
1.572000000000000000e+03 4.679872387165829012e+55
1.573000000000000000e+03 4.780233772122925375e+55
1.574000000000000000e+03 4.872695903675548511e+55
1.575000000000000000e+03 4.959202321419477245e+55
1.576000000000000000e+03 5.043161755630098237e+55
1.577000000000000000e+03 5.128409893008126266e+55
1.578000000000000000e+03 5.217992587244239735e+55
1.579000000000000000e+03 5.313091107495160682e+55
1.580000000000000000e+03 5.412312163120799653e+55
1.581000000000000000e+03 5.511466473622740975e+55
1.582000000000000000e+03 5.603874913610655655e+55
1.583000000000000000e+03 5.681152728334655016e+55
1.584000000000000000e+03 5.734338515554794961e+55
1.585000000000000000e+03 5.755186033664007061e+55
1.586000000000000000e+03 5.737420803804679576e+55
1.587000000000000000e+03 5.677746267097005588e+55
1.588000000000000000e+03 5.576385599670302679e+55
1.589000000000000000e+03 5.437035357065597998e+55
1.590000000000000000e+03 5.266271396919150974e+55
1.591000000000000000e+03 5.072571459693470696e+55
1.592000000000000000e+03 4.865151763877748081e+55
1.593000000000000000e+03 4.652814808165290481e+55
1.594000000000000000e+03 4.443002468715069683e+55
1.595000000000000000e+03 4.241203277656290501e+55
1.596000000000000000e+03 4.050764927625481452e+55
1.597000000000000000e+03 3.873063256818310140e+55
1.598000000000000000e+03 3.707922199418855203e+55
1.599000000000000000e+03 3.554163914199062388e+55
1.600000000000000000e+03 3.410171444588836128e+55
1.601000000000000000e+03 3.274360073372277914e+55
1.602000000000000000e+03 3.145487948730006293e+55
1.603000000000000000e+03 3.022789726489893285e+55
1.604000000000000000e+03 2.905963335253112064e+55
1.605000000000000000e+03 2.795059918803332287e+55
1.606000000000000000e+03 2.690328007967951940e+55
1.607000000000000000e+03 2.592058366586498408e+55
1.608000000000000000e+03 2.500465503588705783e+55
1.609000000000000000e+03 2.415623274535724206e+55
1.610000000000000000e+03 2.337451924339322058e+55
1.611000000000000000e+03 2.265740678146596063e+55
1.612000000000000000e+03 2.200186437637194000e+55
1.613000000000000000e+03 2.140432993820622726e+55
1.614000000000000000e+03 2.086101673405071980e+55
1.615000000000000000e+03 2.036810397142221921e+55
1.616000000000000000e+03 1.992183666163809241e+55
1.617000000000000000e+03 1.951860126798027843e+55
1.618000000000000000e+03 1.915504211035066647e+55
1.619000000000000000e+03 1.882822933248054201e+55
1.620000000000000000e+03 1.853581080340124742e+55
1.621000000000000000e+03 1.827603042026626133e+55
1.622000000000000000e+03 1.804752701053293535e+55
1.623000000000000000e+03 1.784894407029146662e+55
1.624000000000000000e+03 1.767850273944056102e+55
1.625000000000000000e+03 1.753372415078003911e+55
1.626000000000000000e+03 1.741141342377904398e+55
1.627000000000000000e+03 1.730789742247373844e+55
1.628000000000000000e+03 1.721942029263357684e+55
1.629000000000000000e+03 1.714258046279680020e+55
1.630000000000000000e+03 1.707471453554612656e+55
1.631000000000000000e+03 1.701415412931464894e+55
1.632000000000000000e+03 1.696029716263150964e+55
1.633000000000000000e+03 1.691346074904913504e+55
1.634000000000000000e+03 1.687451033217883876e+55
1.635000000000000000e+03 1.684428603706551377e+55
1.636000000000000000e+03 1.682289807716016965e+55
1.637000000000000000e+03 1.680903563163681933e+55
1.638000000000000000e+03 1.679947568917901018e+55
1.639000000000000000e+03 1.678895456443944047e+55
1.640000000000000000e+03 1.677049128362685343e+55
1.641000000000000000e+03 1.673616160664026686e+55
1.642000000000000000e+03 1.667822839236733953e+55
1.643000000000000000e+03 1.659043005299496728e+55
1.644000000000000000e+03 1.646912702485322961e+55
1.645000000000000000e+03 1.631398785114305414e+55
1.646000000000000000e+03 1.612803021757317526e+55
1.647000000000000000e+03 1.591704215513103697e+55
1.648000000000000000e+03 1.568854991289000869e+55
1.649000000000000000e+03 1.545054774074523693e+55
1.650000000000000000e+03 1.521023045048978407e+55
1.651000000000000000e+03 1.497297634390476942e+55
1.652000000000000000e+03 1.474176703292753617e+55
1.653000000000000000e+03 1.451711094757956448e+55
1.654000000000000000e+03 1.429742102028390668e+55
1.655000000000000000e+03 1.407972293823820328e+55
1.656000000000000000e+03 1.386053021453284565e+55
1.657000000000000000e+03 1.363669606472518390e+55
1.658000000000000000e+03 1.340605432847941208e+55
1.659000000000000000e+03 1.316773075295629715e+55
1.660000000000000000e+03 1.292212804290262215e+55
1.661000000000000000e+03 1.267068485430800252e+55
1.662000000000000000e+03 1.241553257207475873e+55
1.663000000000000000e+03 1.215915114158111156e+55
1.664000000000000000e+03 1.190409183711265340e+55
1.665000000000000000e+03 1.165279632361339989e+55
1.666000000000000000e+03 1.140750309049627870e+55
